#province;red;green;blue;x;x
#3506;219;23;206;;
#3507;219;23;207;;
#3508;219;23;208;;
#3509;219;24;209;;
#3510;219;24;210;;
#3511;219;24;211;;
#3512;219;24;212;;
#3513;219;24;213;;
#3514;219;24;214;;
#3515;219;24;215;;
#3516;219;24;216;;
#3517;219;24;217;;
#3518;219;24;218;;
#3519;219;24;219;;
#3520;219;24;220;;
#3521;219;24;221;;
#3522;219;24;222;;
#3523;219;24;223;;
#3524;219;24;224;;
#3525;219;24;225;;
#3526;219;24;226;;
#3527;219;24;227;;
#3528;219;24;228;;
#3529;219;24;229;;
#3530;219;24;230;;
#3531;219;24;231;;
#3532;219;24;232;;
#3533;219;24;233;;
#3534;219;24;234;;
#3535;219;24;235;;
#3536;219;24;236;;
#3537;219;24;237;;
#3538;219;24;238;;
#3539;219;24;239;;
#3540;219;24;240;;
#3541;219;24;241;;
#3542;219;24;242;;
#3543;219;24;243;;
#3544;219;24;244;;
#3545;219;24;245;;
#3546;219;24;246;;
#3547;219;24;247;;
#3548;219;24;248;;
#3549;219;24;249;;
#3550;219;24;150;;
#3551;225;25;151;;
#3552;225;25;152;;
#3553;225;25;153;;
#3554;225;25;154;;
#3555;225;25;155;;
#3556;225;25;156;;
#3557;225;25;157;;
#3558;225;25;158;;
#3559;225;25;159;;
#3560;225;25;160;;
#3561;225;25;161;;
#3562;225;25;162;;
#3563;225;25;163;;
#3564;225;25;164;;
#3565;225;25;165;;
#3566;225;25;166;;
#3567;225;25;167;;
#3568;225;25;168;;
#3569;225;25;169;;
#3570;225;25;170;;
#3571;225;25;171;;
#3572;225;25;172;;
#3573;225;25;173;;
#3574;225;25;174;;
#3575;225;25;175;;
#3576;225;25;176;;
#3577;225;25;177;;
#3578;225;25;178;;
#3579;225;25;179;;
#3580;225;25;180;;
#3581;225;25;181;;
#3582;225;25;182;;
#3583;225;25;183;;
#3585;225;25;185;;
#3586;225;25;186;;
#3587;225;25;187;;
#3588;225;25;188;;
#3589;225;25;189;;
#3590;225;25;190;;
#3591;225;25;191;;
#3592;225;25;192;;
#3593;225;25;193;;
#3594;225;25;194;;
#3595;225;25;195;;
#3596;225;25;196;;
#3597;225;25;197;;
#3598;225;25;198;;
#3599;225;25;199;;
#3600;225;25;200;;
#3601;225;25;201;;
#3602;225;25;202;;
#3603;225;25;203;;
#3604;225;25;204;;
#3605;225;25;205;;
#3606;225;25;206;;
#3607;225;25;207;;
#3608;225;25;208;;
#3609;225;25;209;;
#3610;225;25;200;;
#3611;225;25;201;;
#3612;225;25;202;;
#3613;225;25;203;;
#3614;225;25;204;;
#3615;225;25;205;;
#3616;225;25;206;;
#3617;225;25;207;;
#3618;225;25;208;;
#3619;225;25;209;;
#3620;100;10;120;;
#3621;100;10;121;;
#3622;100;10;122;;
#3623;100;10;123;;
#3624;100;10;124;;
#3625;100;10;125;;
#3626;100;10;126;;
#3627;100;10;127;;
#3628;100;10;128;;
#3629;100;10;129;;
#3630;100;10;130;;
#3631;100;10;131;;
#3632;100;10;132;;
#3633;100;10;133;;
#3634;100;10;134;;
#3635;100;10;135;;
#3636;100;10;136;;
#3637;100;10;137;;
#3638;100;10;138;;
#3639;100;10;139;;
#3640;100;10;140;;
#3641;100;10;141;;
#3642;100;10;142;;
#3643;100;10;143;;
#3644;100;10;144;;
#3645;100;10;145;;
#3646;100;10;146;;
#3647;100;10;147;;
#3648;100;10;148;;
#3649;100;10;149;;
#3650;100;10;150;;
#3651;100;10;151;;
#3652;100;10;152;;
#3653;100;10;153;;
#3654;100;10;154;;
#3655;100;10;155;;
#3656;100;10;156;;
#3657;100;10;157;;
#3658;100;10;158;;
#3659;100;10;159;;
#3660;100;10;160;;
#3661;100;10;161;;
#3662;100;10;162;;
#3663;100;10;163;;
#3664;100;10;164;;
#3665;100;10;165;;
#3666;100;10;166;;
#3667;100;10;167;;
#3668;100;10;168;;
#3669;100;10;169;;
#3670;100;10;170;;
#3671;100;10;171;;
#3672;100;10;172;;
#3673;100;10;173;;
#3674;100;10;174;;
#3675;100;10;175;;
#3676;100;10;176;;
#3677;100;10;177;;
#3678;100;10;178;;
#3679;100;10;179;;
#3680;100;10;180;;
#3681;100;10;181;;
#3682;100;10;182;;
#3683;100;10;183;;
#3684;100;10;184;;
#3685;100;10;185;;
#3686;100;10;186;;
#3687;100;10;187;;
#3688;100;10;188;;
#3689;100;10;189;;
#3690;100;10;190;;
#3691;100;10;191;;
#3692;100;10;192;;
#3693;100;10;193;;
#3694;100;10;194;;
#3695;100;10;195;;
#3696;100;10;196;;
#3697;100;10;197;;
#3698;100;10;198;;
#3699;100;10;199;;
#3700;100;11;100;;
#3701;100;11;101;;
#3702;100;11;102;;
#3703;100;11;103;;
#3704;100;11;104;;
#3705;100;11;105;;
#3706;100;11;106;;
#3707;100;11;107;;
#3708;100;11;108;;
#3709;100;11;109;;
#3710;100;11;110;;
#3711;100;11;111;;
#3712;100;11;112;;
#3713;100;11;113;;
#3714;100;11;114;;
#3715;100;11;115;;
#3716;100;11;116;;
#3717;100;11;117;;
#3718;100;11;118;;
#3719;100;11;119;;
#3720;100;11;120;;
#3721;100;11;121;;
#3722;100;11;122;;
#3723;100;11;123;;
#3724;100;11;124;;
#3725;100;11;125;;
#3726;100;11;126;;
#3727;100;11;127;;
#3728;100;11;128;;
#3729;100;11;129;;
#3730;100;11;130;;
#3731;100;11;131;;
#3732;100;11;132;;
#3733;100;11;133;;
#3734;100;11;134;;
#3735;100;11;135;;
#3736;100;11;136;;
#3737;100;11;137;;
#3738;100;11;138;;
#3739;100;11;139;;
#3740;100;11;140;;
#3741;100;11;141;;
#3742;100;11;142;;
#3743;100;11;143;;
#3744;100;11;144;;
#3745;100;11;145;;
#3746;100;11;146;;
#3747;100;11;147;;
#3748;100;11;148;;
#3749;100;11;149;;
#3750;100;11;150;;
#3751;100;11;151;;
#3752;100;11;152;;
#3753;100;11;153;;
#3754;100;11;154;;
#3755;100;11;155;;
#3756;100;11;156;;
#3757;100;11;157;;
#3758;100;11;158;;
#3759;100;11;159;;
#3760;100;11;160;;
#3761;100;11;161;;
#3762;100;11;162;;
#3763;100;11;163;;
#3764;100;11;164;;
#3765;100;11;165;;
#3766;100;11;166;;
#3767;100;11;167;;
#3768;100;11;168;;
#3769;100;11;169;;
#3770;100;11;170;;
#3771;100;11;171;;
#3772;100;11;172;;
#3773;100;11;173;;
#3774;100;11;174;;
#3775;100;11;175;;
#3776;100;11;176;;
#3777;100;11;177;;
#3778;100;11;178;;
#3779;100;11;179;;
#3780;100;11;180;;
#3781;100;11;181;;
#3782;100;11;182;;
#3783;100;11;183;;
#3784;100;11;184;;
#3785;100;11;185;;
#3786;100;11;186;;
#3787;100;11;187;;
#3788;100;11;188;;
#3789;100;11;189;;
#3790;100;11;190;;
#3791;100;11;191;;
#3792;100;11;192;;
#3793;100;11;193;;
#3794;100;11;194;;
#3795;100;11;195;;
#3796;100;11;196;;
#3797;100;11;197;;
#3798;100;11;198;;
#3799;100;11;199;;
#3800;100;12;100;;
#3801;100;12;101;;
#3802;100;12;102;;
#3803;100;12;103;;
#3804;100;12;104;;
#3805;100;12;105;;
#3806;100;12;106;;
#3807;100;12;107;;
#3808;100;12;108;;
#3809;100;12;109;;
#3810;100;12;110;;
#3811;100;12;111;;
#3812;100;12;112;;
#3813;100;12;113;;
#3814;100;12;114;;
#3815;100;12;115;;
#3816;100;12;116;;
#3817;100;12;117;;
#3818;100;12;118;;
#3819;100;12;119;;
#3820;100;12;120;;
#3821;100;12;121;;
#3822;100;12;122;;
#3823;100;12;123;;
#3824;100;12;124;;
#3825;100;12;125;;
#3826;100;12;126;;
#3827;100;12;127;;
#3828;100;12;128;;
#3829;100;12;129;;
#3830;100;12;130;;
#3831;100;12;131;;
#3832;100;12;132;;
#3833;100;12;133;;
#3834;100;12;134;;
#3835;100;12;135;;
#3836;100;12;136;;
#3837;100;12;137;;
#3838;100;12;138;;
#3839;100;12;139;;
#3840;100;12;140;;
#3841;100;12;141;;
#3842;100;12;142;;
#3843;100;12;143;;
#3844;100;12;144;;
#3845;100;12;145;;
#3846;100;12;146;;
#3847;100;12;147;;
#3848;100;12;148;;
#3849;100;12;149;;
#3850;100;12;150;;
#3851;100;12;151;;
#3852;100;12;152;;
#3853;100;12;153;;
#3854;100;12;154;;
#3855;100;12;155;;
#3856;100;12;156;;
#3857;100;12;157;;
#3858;100;12;158;;
#3859;100;12;159;;
#3860;100;12;160;;
#3861;100;12;161;;
#3862;100;12;162;;
#3863;100;12;163;;
#3864;100;12;164;;
#3865;100;12;165;;
#3866;100;12;166;;
#3867;100;12;167;;
#3868;100;12;168;;
#3869;100;12;169;;
#3870;100;12;170;;
#3871;100;12;171;;
#3872;100;12;172;;
#3873;100;12;173;;
#3874;100;12;174;;
#3875;100;12;175;;
#3876;100;12;176;;
#3877;100;12;177;;
#3878;100;12;178;;
#3879;100;12;179;;
#3880;100;12;180;;
#3881;100;12;181;;
#3882;100;12;182;;
#3883;100;12;183;;
#3884;100;12;184;;
#3885;100;12;185;;
#3886;100;12;186;;
#3887;100;12;187;;
#3888;100;12;188;;
#3889;100;12;189;;
#3890;100;12;190;;
#3891;100;12;191;;
#3892;100;12;192;;
#3893;100;12;193;;
#3894;100;12;194;;
#3895;100;12;195;;
#3896;100;12;196;;
#3897;100;12;197;;
#3898;100;12;198;;
#3899;100;12;199;;
#3900;100;13;100;;
#3901;100;13;101;;
#3902;100;13;102;;
#3903;100;13;103;;
#3904;100;13;104;;
#3905;100;13;105;;
#3906;100;13;106;;
#3907;100;13;107;;
#3908;100;13;108;;
#3909;100;13;109;;
#3910;100;13;110;;
#3911;100;13;111;;
#3912;100;13;112;;
#3913;100;13;113;;
#3914;100;13;114;;
#3915;100;13;115;;
#3916;100;13;116;;
#3917;100;13;117;;
#3918;100;13;118;;
#3919;100;13;119;;
#3920;100;13;120;;
#3921;100;13;121;;
#3922;100;13;122;;
#3923;100;13;123;;
#3924;100;13;124;;
#3925;100;13;125;;
#3926;100;13;126;;
#3927;100;13;127;;
#3928;100;13;128;;
#3929;100;13;129;;
#3930;100;13;130;;
#3931;100;13;131;;
#3932;100;13;132;;
#3933;100;13;133;;
#3934;100;13;134;;
#3935;100;13;135;;
#3936;100;13;136;;
#3937;100;13;137;;
#3938;100;13;138;;
#3939;100;13;139;;
#3940;100;13;140;;
#3941;100;13;141;;
#3942;100;13;142;;
#3943;100;13;143;;
#3944;100;13;144;;
#3945;100;13;145;;
#3946;100;13;146;;
#3947;100;13;147;;
#3948;100;13;148;;
#3949;100;13;149;;
#3950;100;13;150;;
#3951;100;13;151;;
#3952;100;13;152;;
#3953;100;13;153;;
#3954;100;13;154;;
#3955;100;13;155;;
#3956;100;13;156;;
#3957;100;13;157;;
#3958;100;13;158;;
#3959;100;13;159;;
#3960;100;13;160;;
#3961;100;13;161;;
#3962;100;13;162;;
#3963;100;13;163;;
#3964;100;13;164;;
#3965;100;13;165;;
#3966;100;13;166;;
#3967;100;13;167;;
#3968;100;13;168;;
#3969;100;13;169;;
#3970;100;13;170;;
#3971;100;13;171;;
#3972;100;13;172;;
#3973;100;13;173;;
#3974;100;13;174;;
#3975;100;13;175;;
#3976;100;13;176;;
#3977;100;13;177;;
#3978;100;13;178;;
#3979;100;13;179;;
#3980;100;13;180;;
#3981;100;13;181;;
#3982;100;13;182;;
#3983;100;13;183;;
#3984;100;13;184;;
#3985;100;13;185;;
#3986;100;13;186;;
#3987;100;13;187;;
#3988;100;13;188;;
#3989;100;13;189;;
#3990;100;13;190;;
#3991;100;13;191;;
#3992;100;13;192;;
#3993;100;13;193;;
#3994;100;13;194;;
#3995;100;13;195;;
#3996;100;13;196;;
#3997;100;13;197;;
#3998;100;13;198;;
#3999;100;13;199;;
#4000;100;14;100;;