tc_biala_podlaska = { 
	color = { 
		121 75 95 
	}
	provinces = { 
		452 503 507 509 510 516 518 526 528 544
		551 569 576 740 1785 2035 2036 2054 2056 2057
		2058 2065 2075 2076 2093 2127 2200 2227 2231 4210
		4276 4411 4423 4429 4430 4431 4435 4449 4461 4462
		4463 4480 4491 4501 4510 4513 4687 4689 4511 708
		707 704 705 706 
	}
	
	# Specific
	# Generic
	names = {
		name = "TRADE_COMPANY_BIALA_PODLASKA_Root_Culture_GetName"
	}
	names = {
		name = "TRADE_COMPANY_BIALA_PODLASKA_Company"
	}
}
tc_bialystok = { 
	color = { 
		104 124 24 
	}
	provinces = { 
		280 439 440 443 455 456 471 476 479 480
		714 716 953 980 1032 1045 1054 1055 1059 1060
		1061 1062 1063 1064 1066 1067 1068 1070 1076 1942
		1944 1969 1970 1973 2102 2119 2236 2351 2352 2353
		2356 2357 2358 2359 2361 2363 2364 2369 2370 2428
		2429 2430 2431 2432 2433 2434 2437 2441 2442 2443
		2966 4185 4493 4679 4684 4690 4692 4349 4348 3226
		3225 3224 3191 3189 3152 3099 3098 3052 2725 2724
		1065
	}

		# Specific
	# Generic
	names = {
		name = "TRADE_COMPANY_BIALYSTOK_Root_Culture_GetName"
	}
	names = {
		name = "TRADE_COMPANY_BIALYSTOK_Company"
	}
}
tc_bydgoszcz = { 
	color = { 
		238 170 25 
	}
	provinces = { 
		44 49 55 70 79 121 174 176 177 178
		181 182 185 186 187 191 202 204 333 982
		1744 1762 2972 2983 2985 4384 4386 4390 4696 4715
		4719 4746 4766 4775 4001 4019 4018 4017 4016 3695
		3657 3609 3565 3544 3515 3281 3268 3184 3124 2991
	}

		# Specific
	# Generic
	names = {
		name = "TRADE_COMPANY_BYDGOSZCZ_Root_Culture_GetName"
	}
	names = {
		name = "TRADE_COMPANY_BYDGOSZCZ_Company"
	}
}
tc_czestochowa = { 
	color = { 
		239 137 211 
	}
	provinces = { 
		158 163 164 325 326 339 347 348 366 367
		423 955 1110 1112 1113 1116 1117 1119 1121 1122
		1124 1125 1126 1127 1128 1136 1138 1139 1140 1144
		1145 1146 1148 1150 1161 1848 2204 2237 2239 2241
		2242 2246 2247 2251 2252 2254 2255 2256 2258 2260
		2262 2266 2267 2269 2271 2272 2273 2278 2280 2291
		2292 2293 2295 2299 2466 2746 4301 4305 4532 4565
		2257 2511 2510 2509 2512 2506 2504 2505 2507 2508
		2514 2513 441 2515 2516 368 679 680 681 678
	}

		# Specific
	# Generic
	names = {
		name = "TRADE_COMPANY_CZESTOCHOWA_Root_Culture_GetName"
	}
	names = {
		name = "TRADE_COMPANY_CZESTOCHOWA_Company"
	}
}
tc_gorzow = { 
	color = { 
		25 106 165 
	}
	provinces = { 
		101 105 120 122 123 124 125 197 743 804
		805 806 809 812 814 815 821 1862 1934 2655
		2656 2823 2825 2826 2827 2828 2829 2830 2943 2944
		2947 2984 4145 4728 4736 4737 485 639 638 1006
		637 636 640 642 641 807 808 879 878 880
	}

		# Specific
	# Generic
	names = {
		name = "TRADE_COMPANY_GORZOW_Root_Culture_GetName"
	}
	names = {
		name = "TRADE_COMPANY_GORZOW_Company"
	}
}
tc_kalisz = { 
	color = { 
		137 208 177 
	}
	provinces = { 
		316 317 319 323 324 327 328 329 330 332
		406 414 417 420 421 422 462 838 841 845
		1846 1856 2196 2207 2211 2212 2215 2296 2300 2301
		2302 2303 2304 2305 2306 2308 2314 2624 2628 2633
		2641 2644 2645 2646 2647 2650 2652 2667 4178 4292
		4294 4295 4298 4299 4303 4307 4309 4310 4311 4313
		4314 4315 4337 4339 4574 4575 4582 4583 4590 4642
		4643 4647 407 2040 2041 2044 2045 2046 2039 2038
		2023 2022 2042 2643 4489 4485 4486 4487 4488 
	}

		# Specific
	# Generic
	names = {
		name = "TRADE_COMPANY_KALISZ_Root_Culture_GetName"
	}
	names = {
		name = "TRADE_COMPANY_KALISZ_Company"
	}
}
tc_kielce = { 
	color = { 
		21 18 126 
	}
	provinces = { 
		351 353 358 359 361 362 363 1114 1123 1130
		1131 1142 1143 1156 1157 1158 1159 1160 1217 1220
		1221 1222 1226 1227 1229 1230 1234 1249 2043 2238
		2240 2243 2244 2245 2249 2250 2264 2274 2275 2277
		2284 2285 2286 2288 2290 2315 2316 2317 2318 2320
		2321 2322 2323 2324 2450 2475 2766 2797 2798 2799
		2800 2802 2954 4033 4316 4317 4318 4319 4323 4512
		4521 2778 3095 3133 3148 3560 3561 4639 4638 4637
		4636 4635 4634 1120 
	}

		# Specific
	# Generic
	names = {
		name = "TRADE_COMPANY_KIELCE_Root_Culture_GetName"
	}
	names = {
		name = "TRADE_COMPANY_KIELCE_Company"
	}
}
tc_konin = { 
	color = { 
		99 133 28 
	}
	provinces = { 
		68 71 75 77 78 90 92 95 96 97
		99 100 165 188 189 193 201 205 331 484
		488 489 494 846 849 850 861 973 974 1742
		1758 1865 1870 1873 1874 1880 1881 2618 2622 2630
		2631 2648 2649 2654 4383 4391 4392 4570 4571 4573
		4581 4584 4585 4591 4606 4618 4622 4624 4646 4649
		4710 4712 4713 4718 4720 4721 4722 4764 4765 4770
		4777 418 2971 676 677 673 674 675 672 670
		671 668 
	}

		# Specific
	# Generic
	names = {
		name = "TRADE_COMPANY_KONIN_Root_Culture_GetName"
	}
	names = {
		name = "TRADE_COMPANY_KONIN_Company"
	}
}
tc_koszalin = { 
	color = { 
		128 60 35 
	}
	provinces = { 
		175 235 236 237 238 240 243 246 247 249
		252 253 370 372 373 375 984 1104 1105 1804
		1860 1861 1978 1979 2995 4112 4114 4118 4120 4121
		4362 4364 4365 4367 4368 4371 4376 4377 4378 4379
		4380 4785 4370 589 588 583 582 590 587 586
		585 584 376 643 4119 645 644 646 650 648
		649 647 
	}

		# Specific
	# Generic
	names = {
		name = "TRADE_COMPANY_KOSZALIN_Root_Culture_GetName"
	}
	names = {
		name = "TRADE_COMPANY_KOSZALIN_Company"
	}
}
tc_krakow = { 
	color = { 
		203 236 146 
	}
	provinces = { 
		136 262 354 355 356 357 360 364 365 798
		1092 1093 1152 1153 1154 1162 1165 1166 1169 1170
		1183 1184 1185 1186 1187 1188 1189 1190 1191 1192
		1213 1216 1218 1228 1232 1233 1248 1306 1790 1795
		1796 1797 1901 1999 2025 2276 2279 2281 2282 2283
		2287 2294 2319 2325 2326 2448 2449 2451 2474 2728
		2729 2730 2731 2732 2733 2756 2760 2950 2951 2952
		4043 4057 4078 4079 4081 4082 4085 4086 4087 4095
		4100 4102 4106 4108 4320 4321 4567 4726 4784 4846
		4849 4850 4851 4852 4854 4855 2137 3418 3222 3188
		3162 3140 3100 3065 3042 3016 3007 3008 3236 3237
		998 1173 1488 
	}

		# Specific
	# Generic
	names = {
		name = "TRADE_COMPANY_KRAKOW_Root_Culture_GetName"
	}
	names = {
		name = "TRADE_COMPANY_KRAKOW_Company"
	}
}
tc_lodz = { 
	color = { 
		151 16 35 
	}
	provinces = { 
		45 54 57 63 66 155 335 336 337 338
		342 343 344 345 349 408 409 410 411 412
		413 415 416 419 424 426 427 428 429 430
		431 446 1751 1857 1868 2202 2203 2205 2206 2209
		2210 2214 2216 2217 2218 2219 2222 2223 2307 2309
		2310 2311 2312 2459 2460 2461 2462 2463 2464 2465
		2467 2468 2469 2470 3500 4141 4167 4168 4170 4171
		4179 4288 4289 4290 4291 4293 4296 4300 4302 4304
		4329 4332 4334 4338 4340 4341 4342 4561 4562 4563
		4564 4568 4569 4716 4772 4773 4774 4807 4806 4805
		4804 4803 4802 4801 4800 4799 4798 4797 4796 4795
		4794 4793 4792 4791 4790 4932 4933 
	}

		# Specific
	# Generic
	names = {
		name = "TRADE_COMPANY_LODZ_Root_Culture_GetName"
	}
	names = {
		name = "TRADE_COMPANY_LODZ_Company"
	}
}
tc_lomza = { 
	color = { 
		126 192 229 
	}
	provinces = { 
		282 283 301 312 715 727 734 981 992 1031
		1033 1036 1037 1039 1040 1041 1052 1056 1057 1778
		1782 1783 1830 1847 1852 1943 2122 2155 2406 2411
		2436 2439 2694 2745 4208 4227 4228 4229 4230 4231
		4540 4658 1058 736 862 730 728 
	}

		# Specific
	# Generic
	names = {
		name = "TRADE_COMPANY_LOMZA_Root_Culture_GetName"
	}
	names = {
		name = "TRADE_COMPANY_LOMZA_Company"
	}
}
tc_lublin = { 
	color = { 
		212 21 42 
	}
	provinces = { 
		386 391 397 398 399 400 403 404 504 505
		506 508 512 513 514 519 524 525 529 530
		532 578 774 967 968 969 1099 1616 1779 1948
		2059 2060 2062 2064 2066 2067 2068 2072 2074 2077
		2078 2079 2086 2087 2088 2089 2333 2335 2336 2339
		2346 2347 2454 2770 2771 2801 2932 3501 4282 4285
		4322 4428 4433 4452 4459 4464 4465 4466 4492 4494
		4498 4499 4502 4503 4504 4505 4506 4822 4821 4820
		4819 4818 4817 4816 4815 4814 4813 4812 4811 4810
		4809 4808 
	}

		# Specific
	# Generic
	names = {
		name = "TRADE_COMPANY_LUBLIN_Root_Culture_GetName"
	}
	names = {
		name = "TRADE_COMPANY_LUBLIN_Company"
	}
}
tc_nowy_targ = { 
	color = { 
		179 76 233 
	}
	provinces = { 
		789 833 1034 1035 1038 1094 1097 1163 1164 1168
		1176 1177 1178 1179 1180 1181 1182 1196 1197 1198
		1199 1200 1800 1998 2289 2440 2726 2727 2856 2880
		4025 4026 4028 4029 4030 4031 4036 4041 4051 4093
		4094 4097 4105 4107 4781 4782 4783 4847 4848 4853
		4856 4863 4864 4865 4866 4867 4042 2498 2502 2503
		2500 2501 
	}

		# Specific
	# Generic
	names = {
		name = "TRADE_COMPANY_NOWY_TARG_Root_Culture_GetName"
	}
	names = {
		name = "TRADE_COMPANY_NOWY_TARG_Company"
	}
}
tc_olsztyn = { 
	color = { 
		77 158 203 
	}
	provinces = { 
		2 3 11 25 26 28 30 31 32 33
		34 273 274 275 293 294 295 300 310 311
		770 771 954 964 988 996 999 1072 1752 1781
		1834 1960 1961 1982 1983 1984 2408 2426 2962 3504
		4115 4148 4165 4166 4241 4242 4243 4244 4246 4247
		4248 4249 4544 2602 2601 2600 2599 2598 2597 2596
		2595 2594 2593 2592 2591 2590 292 4745 592 593
		604 599 600 601 597 602 605 603 591 598
		596 595 594 
	}

		# Specific
	# Generic
	names = {
		name = "TRADE_COMPANY_OLSZTYN_Root_Culture_GetName"
	}
	names = {
		name = "TRADE_COMPANY_OLSZTYN_Company"
	}
}
tc_opole = { 
	color = { 
		238 176 93 
	}
	provinces = { 
		46 47 52 60 61 132 142 143 144 145
		147 318 320 322 855 858 859 959 1759 1773
		1863 2297 2298 2956 2964 2993 2996 2998 3001 3003
		4174 4308 4312 4531 4648 4698 4700 4702 4705 4709
		4741 4748 4750 4759 4760 4762 4778 4779 4780 4786
		2678 2677 2676 2675 2674 2673 2672 2671 2670 2669
		2613 2612 2611 2610 2609 2608 2607 2606 2605 2604
		2603 4761 
	}

		# Specific
	# Generic
	names = {
		name = "TRADE_COMPANY_OPOLE_Root_Culture_GetName"
	}
	names = {
		name = "TRADE_COMPANY_OPOLE_Company"
	}
}
tc_ostroleka = { 
	color = { 
		168 228 47 
	}
	provinces = { 
		206 278 289 290 291 297 298 538 724 733
		737 738 978 979 995 1012 1013 1015 1023 1026
		1027 1028 1029 1030 1042 1043 1044 1046 1047 1048
		1049 1050 1051 1825 1835 1843 1845 1850 1941 1945
		2103 2108 2407 2435 2438 2445 2742 2744 4187 4189
		4191 4215 4216 4245 4252 4359 4360 4542 4543 4545
		4655 4657 4659 4662 4666 4186 726 725 877 723
		722
	}

		# Specific
	# Generic
	names = {
		name = "TRADE_COMPANY_OSTROLEKA_Root_Culture_GetName"
	}
	names = {
		name = "TRADE_COMPANY_OSTROLEKA_Company"
	}
}
tc_pila = { 
	color = { 
		180 26 99 
	}
	provinces = { 
		108 119 126 127 170 171 173 192 200 210
		211 212 213 214 222 223 225 226 826 983
		1247 1748 1750 1877 2755 2982 2986 2987 2988 2989
		2990 4373 4546 4547 4550 4557 4560 4732 4733 4734
		4735 2751 4669 4670 4671 4676 4677 4549 220 4675
		4674 4673 4672 221 
	}

		# Specific
	# Generic
	names = {
		name = "TRADE_COMPANY_PILA_Root_Culture_GetName"
	}
	names = {
		name = "TRADE_COMPANY_PILA_Company"
	}
}
tc_plock = { 
	color = { 
		114 75 183 
	}
	provinces = { 
		19 27 29 37 38 41 53 56 69 81
		82 83 84 85 86 98 110 260 269 272
		279 729 732 767 976 977 1014 1024 1069 1073
		1075 1080 1768 1775 1818 1839 1876 1931 1940 2106
		2154 2234 2424 2741 2743 2959 2961 2973 4123 4155
		4181 4214 4217 4232 4330 4331 4381 4524 4525 4536
		4537 4651 4654 4663 4691 4771 1780 573 571 581
		972 580 570 579 574 567 568 566 565 4382
		664 1801 2975 665 662 985 659 660 661 663
	}

		# Specific
	# Generic
	names = {
		name = "TRADE_COMPANY_PLOCK_Root_Culture_GetName"
	}
	names = {
		name = "TRADE_COMPANY_PLOCK_Company"
	}
}
tc_poznan = { 
	color = { 
		59 181 78 
	}
	provinces = { 
		118 482 487 490 492 493 495 496 497 499
		500 501 813 823 824 825 827 828 829 830
		832 834 836 837 840 847 1003 2002 2629 2635
		2640 2651 2658 2659 2660 2661 2662 2663 2664 2806
		2807 2808 2809 2811 2812 2813 2814 2817 2818 2819
		2824 2939 2945 4586 4588 4592 4593 4595 4596 4597
		4599 4600 4601 4602 4603 4607 4608 4609 4610 4611
		4612 4613 4614 4616 4619 4620 4621 4623 4711 4731
		3445 4834 4835 4836 4837 4838 4839 4840 4841 4842
		4843 4844 4845 4826 4825 4824 4823 4615 871 874
		2810 876 875 873 872 
	}

		# Specific
	# Generic
	names = {
		name = "TRADE_COMPANY_POZNAN_Root_Culture_GetName"
	}
	names = {
		name = "TRADE_COMPANY_POZNAN_Company"
	}
}
tc_przemysl = { 
	color = { 
		24 98 50 
	}
	provinces = { 
		531 536 1084 1085 1087 1100 1101 1102 1103 1167
		1172 1193 1194 1195 1203 1791 1792 1930 1947 2030
		2031 2032 2033 2734 2735 2736 4020 4023 4027 4032
		4035 4038 4039 4047 4048 4049 4062 4414 4426 4427
		4868 4869 1098 2493 2491 2492 2494 2495 2497 2496
		1086 2490 2486 2485 2489 2487 2488 2484 2481 2482
		2483
	}

		# Specific
	# Generic
	names = {
		name = "TRADE_COMPANY_PRZEMYSL_Root_Culture_GetName"
	}
	names = {
		name = "TRADE_COMPANY_PRZEMYSL_Company"
	}
}
tc_radom = { 
	color = { 
		102 82 23 
	}
	provinces = { 
		321 334 340 341 350 352 377 378 379 380
		381 382 384 385 387 388 389 390 392 394
		395 396 401 402 405 447 448 450 463 1009
		1115 1129 1132 1133 1134 1135 1137 1849 1854 1855
		1882 2195 2197 2220 2221 2232 2248 2253 2259 2261
		2265 2268 2313 2328 2329 2331 2332 2334 2337 2338
		2340 2341 2343 2344 2345 2452 2453 2455 2456 2457
		2458 2472 2473 2999 4169 4268 4270 4271 4273 4274
		4277 4278 4279 4280 4281 4283 4284 4286 4287 4297
		4327 4520 4566 2330 2477 2478 2047 2476 2479 2480
	}

		# Specific
	# Generic
	names = {
		name = "TRADE_COMPANY_RADOM_Root_Culture_GetName"
	}
	names = {
		name = "TRADE_COMPANY_RADOM_Company"
	}
}
tc_rzeszow = { 
	color = { 
		79 231 239 
	}
	provinces = { 
		511 515 517 521 523 527 533 540 548 554
		556 966 1089 1090 1091 1107 1108 1204 1205 1206
		1207 1210 1211 1223 1224 1242 1798 2024 2027 2029
		2051 2052 2061 2063 2069 2092 2094 2097 2101 2757
		2758 2761 2762 2764 2772 2773 2775 2781 2783 2784
		2785 2786 2789 2791 2792 2793 2794 2796 4066 4074
		4075 4158 4410 4413 4417 4421 4434 4442 4453 4454
		4455 4456 4457 4458 4460 4467 4468 4495 4496 4497
		4509 4534 4857 4858 4862 4937 4939 4633 4632 4631
		4630 4629 4628 4627 4626 4625 4356 4355 4354 4353
		4352 4351 4350 2788 2053 687 692 691 690 689
		688 686 693 4514 4515 4490 2759 4517 
	}

		# Specific
	# Generic
	names = {
		name = "TRADE_COMPANY_RZESZOW_Root_Culture_GetName"
	}
	names = {
		name = "TRADE_COMPANY_RZESZOW_Company"
	}
}
tc_siedlce = { 
	color = { 
		39 151 63 
	}
	provinces = { 
		383 393 425 437 442 444 457 458 460 461
		465 477 478 555 575 711 712 735 963 1019
		1021 1071 1784 1819 1832 1967 1968 2055 2095 2118
		2120 2121 2124 2125 2128 2129 2198 2199 2201 2327
		2349 2350 2354 2355 2360 2362 2368 4184 4209 4218
		4222 4265 4269 4272 4306 4343 4344 4516 4681 4685
		4686 4688 4693 739 720 721 717 709 
	}

		# Specific
	# Generic
	names = {
		name = "TRADE_COMPANY_SIEDLCE_Root_Culture_GetName"
	}
	names = {
		name = "TRADE_COMPANY_SIEDLCE_Company"
	}
}
tc_silesian_conurbation = { 
	color = { 
		105 208 190 
	}
	provinces = { 
		138 140 141 146 148 149 150 154 156 157
		159 160 161 162 957 1111 1118 1141 1149 1318
		1764 1765 1766 1793 1794 1827 1853 1951 1952 1953
		1954 2263 2270 2750 3000 3002 4125 4126 4127 4128
		4173 4175 4176 4236 4239 4240 4699 4701 4703 4704
		4706 4754 4755 4757 3091 3089 3019 4827 4828 4829
		4830 4831 4832 4833 2723 2722 2721 2720 2719 2718
		2717 2716 2715 2714 2713 2712 2711 2710 4080 2709
		2708 2707 2706 2705 2704 2703 2702 2701 2700 2699
		2698 2697 2696 2695 2693 2692 1155 2691 2690 2689
		2688 2687 2686 2685 2684 2683 2682 2681 2680 2679
		153 3333 3335 3336 3337 3338 2589 2588 2587 2586
		2585 2584 2583 2582 2581 2580 2579 2578 2577 2576
		2575 2574 2573 2572 2571 2570 2569 2568 2567 2566
		2565 2564 2563 2562 2561 2560 2559 2550 2551 2552
		2553 2554 2555 2556 2557 2558 2549 2548 2547 2546
		2545 2544 2543 2542 2541 2540 2539 2538 2537 2536
	}

		# Specific
	# Generic
	names = {
		name = "TRADE_COMPANY_SILESIAN_CONURBATION_Root_Culture_GetName"
	}
	names = {
		name = "TRADE_COMPANY_SILESIAN_CONURBATION_Company"
	}
}
tc_southern_silesia = { 
	color = { 
		222 36 20 
	}
	provinces = { 
		50 51 58 59 62 64 67 76 128 129
		130 131 133 134 135 137 139 152 266 267
		956 958 1007 1096 1174 1175 1757 1763 1767 1769
		1770 1771 1772 1826 1828 1831 1864 2864 2948 2955
		2957 2965 2967 2968 2970 2994 4083 4084 4088 4089
		4090 4091 4092 4096 4707 4708 4717 4725 4738 4742
		4743 4744 4749 4751 4752 4753 4756 3280 3278 3277
		3232 3206 3153 3106 2535 2534 2533 2532 2531 2530
		2529 2528 2527 2526 2525 2524 2523 4724 629 630
		632 633 626 265 634 635 627 628 624 625
		623 631 
	}

		# Specific
	# Generic
	names = {
		name = "TRADE_COMPANY_SOUTHERN_SILESIA_Root_Culture_GetName"
	}
	names = {
		name = "TRADE_COMPANY_SOUTHERN_SILESIA_Company"
	}
}
tc_suwalki = { 
	color = { 
		104 110 113 
	}
	provinces = { 
		268 305 306 307 308 309 313 314 997 1077
		1078 1079 1082 1083 1753 1754 1755 1756 1955 1956
		1957 1958 1959 1962 1963 1964 1972 1981 2405 2422
		2423 4117 4122 4124 4129 4147 4250 4251 4253 4254
		4255 4256 4257 4258 4259 4260 4261 4262 4263 4264
		4266 4530 4116 866 296 865 864 863 867 870
		869 868 
	}

		# Specific
	# Generic
	names = {
		name = "TRADE_COMPANY_SUWALKI_Root_Culture_GetName"
	}
	names = {
		name = "TRADE_COMPANY_SUWALKI_Company"
	}
}
tc_swidnica = { 
	color = { 
		152 28 140 
	}
	provinces = { 
		762 763 764 775 776 777 778 779 780 781
		782 783 786 790 791 853 856 857 1095 1971
		2614 2619 2657 2836 2842 2843 2844 2845 2846 2849
		2850 2853 2854 2855 2857 2858 2859 2860 2861 2862
		2863 2865 2866 2867 2868 2869 2870 2871 2873 2874
		2875 2876 2877 2878 2883 2884 2892 2894 4578 4641
		4645 799 617 2879 615 616 614 618 620 619
		622 621 
	}

		# Specific
	# Generic
	names = {
		name = "TRADE_COMPANY_SWIDNICA_Root_Culture_GetName"
	}
	names = {
		name = "TRADE_COMPANY_SWIDNICA_Company"
	}
}
tc_szczecin = { 
	color = { 
		231 175 168 
	}
	provinces = { 
		10 48 102 103 104 107 109 111 113 114
		115 116 117 207 208 216 218 219 224 227
		228 229 230 231 232 239 241 374 481 486
		1745 1747 1774 1851 1875 1933 2976 2977 2979 2980
		2981 2992 4150 4361 4372 4548 4552 4553 4555 4558
		4559 4727 4729 4730 4739 4740 4787 4788 4406 4405
		4404 4403 4402 4401 4400 4399 4398 4397 4396 4395
		4394 4393 3585 3451 2978 3196 1858 890 892 891
		4875 4556 902 
	}

		# Specific
	# Generic
	names = {
		name = "TRADE_COMPANY_SZCZECIN_Root_Culture_GetName"
	}
	names = {
		name = "TRADE_COMPANY_SZCZECIN_Company"
	}
}
tc_szczecinek = { 
	color = { 
		78 20 167 
	}
	provinces = { 
		1 112 169 172 209 215 217 233 234 242
		244 245 1746 1749 2754 4130 4366 4369 4374 4375
		4385 4551 4747 4789 
	}

		# Specific
	# Generic
	names = {
		name = "TRADE_COMPANY_SZCZECINEK_Root_Culture_GetName"
	}
	names = {
		name = "TRADE_COMPANY_SZCZECINEK_Company"
	}
}
tc_tarnow = { 
	color = { 
		81 19 23 
	}
	provinces = { 
		788 1147 1151 1171 1201 1208 1209 1214 1215 1219
		1225 1273 1799 1925 2763 2765 2767 2768 2769 2774
		2776 2777 2780 2782 2787 2790 2795 4021 4022 4024
		4034 4037 4040 4044 4045 4046 4050 4052 4054 4055
		4056 4058 4059 4060 4061 4064 4067 4068 4069 4070
		4071 4072 4073 4076 4077 4098 4099 4101 4103 4104
		4109 4146 4422 4527 4063 2517 2520 2519 2521 2522
		2518 4065 4678 4870 4871 4763 4053 4872 2779 4873
		4874 
	}

		# Specific
	# Generic
	names = {
		name = "TRADE_COMPANY_TARNOW_Root_Culture_GetName"
	}
	names = {
		name = "TRADE_COMPANY_TARNOW_Company"
	}
}
tc_torun = { 
	color = { 
		134 63 127 
	}
	provinces = { 
		12 14 35 36 39 40 42 65 73 74
		80 91 93 94 166 254 255 256 258 259
		261 263 264 270 271 276 277 281 534 993
		1760 1761 1842 1859 1869 1871 1872 1935 1936 1937
		1938 1939 2958 2960 2969 2974 2997 4238 4523 4526
		4528 4529 4533 4535 4538 4539 4541 4714 4758 4767
		4769 3103 3090 3049 3171 3180 3234 3257 3282 3298
		3314 3396 3422 3482 3520 3808 72 2963 651 652
		653 657 658 656 655 654 
	}

		# Specific
	# Generic
	names = {
		name = "TRADE_COMPANY_TORUN_Root_Culture_GetName"
	}
	names = {
		name = "TRADE_COMPANY_TORUN_Company"
	}
}
tc_trojmiasto = { 
	color = { 
		126 177 56 
	}
	provinces = { 
		4 5 6 7 8 9 13 15 16 17
		18 20 21 22 23 24 43 87 88 89
		167 168 179 180 183 184 190 194 195 196
		198 199 203 248 250 251 315 369 371 952
		987 994 1743 1776 1777 1841 1866 1878 1879 1985
		2752 2753 3503 4110 4111 4113 4142 4143 4144 4151
		4152 4153 4154 4157 4160 4161 4163 4164 4363 4387
		4388 4389 4694 4695 4697 4768 4776 3444 1805 1806
		1807 1808 1809 1810 1811 1812 1813 1814 1815 1816
		1817 1821 1822 1823 1824 1829 1833 1836 1838 1840
		1844 3062 3063 3064 986 666 
	}

		# Specific
	# Generic
	names = {
		name = "TRADE_COMPANY_TROJMIASTO_Root_Culture_GetName"
	}
	names = {
		name = "TRADE_COMPANY_TROJMIASTO_Company"
	}
}
tc_warszawa = { 
	color = { 
		234 87 228 
	}
	provinces = { 
		257 284 285 287 288 299 302 303 432 433
		434 449 451 453 454 459 464 466 467 469
		470 472 473 474 475 577 710 713 718 719
		731 949 950 962 990 1008 1010 1011 1016 1017
		1018 1020 1025 1074 1081 1240 1241 1243 1244 1786
		1787 1820 1837 1965 1966 1974 1987 1988 1989 1997
		2104 2105 2126 2185 2189 2192 2208 2213 2224 2225
		2226 2228 2230 2233 2235 2365 2366 2367 2409 2410
		2412 2413 2415 2416 2417 2418 2419 2420 2421 2425
		2427 2444 2447 3005 3006 3113 3114 3158 3199 3201
		3287 3279 3394 3485 3550 3558 4131 4156 4180 4182
		4183 4188 4190 4192 4193 4207 4267 4324 4326 4328
		4335 4336 4345 4660 4682 4683 4935 4936 4934 4325
		669 684 683 685 667 682 3549 1994 1212 4897
		4206 4898 304 4896 4899 4901 4680 4900 468 286
		4653 2414 4554 4577 4518 4519 
	}

		# Specific
	# Generic
	names = {
		name = "TRADE_COMPANY_WARSZAWA_Root_Culture_GetName"
	}
	names = {
		name = "TRADE_COMPANY_WARSZAWA_Company"
	}
}
tc_wroclaw = { 
	color = { 
		206 31 48 
	}
	provinces = { 
		151 346 483 787 792 794 835 839 842 843
		844 848 851 852 854 860 1000 1001 1005 2348
		2499 2615 2617 2621 2623 2626 2627 2632 2634 2636
		2637 2638 2642 2653 2668 2805 2839 2841 2847 2851
		2852 2872 2940 2946 3559 3621 3618 3620 3614 3217
		3387 3388 3190 3220 3416 3425 4177 4572 4576 4579
		4580 4587 4589 4594 4598 4640 3650 3681 3655 3577
		3531 3135 3122 3083 3073 3037 3017 3060 3134 
	}

		# Specific
	# Generic
	names = {
		name = "TRADE_COMPANY_WROCLAW_Root_Culture_GetName"
	}
	names = {
		name = "TRADE_COMPANY_WROCLAW_Company"
	}
}
tc_zamosc = { 
	color = { 
		154 176 38 
	}
	provinces = { 
		520 522 535 537 539 541 542 543 545 546
		549 552 559 572 971 991 1088 1106 1109 1239
		1246 1946 1949 1986 2026 2028 2034 2037 2048 2049
		2050 2073 2080 2082 2083 2084 2085 2090 2099 2100
		2737 2738 2739 3502 3505 3584 4407 4408 4409 4412
		4415 4416 4418 4420 4424 4425 4432 4436 4437 4438
		4439 4441 4443 4444 4445 4446 4447 4448 4451 4500
		4507 4508 4859 4860 4861 547 694 695 696 697
		698 4419 701 702 703 700 699 
	}

		# Specific
	# Generic
	names = {
		name = "TRADE_COMPANY_ZAMOSC_Root_Culture_GetName"
	}
	names = {
		name = "TRADE_COMPANY_ZAMOSC_Company"
	}
}
tc_zgorzelec = { 
	color = { 
		98 43 180 
	}
	provinces = { 
		748 749 752 753 754 755 756 757 758 759
		760 761 765 2885 2886 2891 2898 2899 2908 2910
		2911 2912 2915 2916 2917 2918 2919 2923 2924 2925
		2926 2927 2928 2922 606 607 608 613 2921 609
		610 611 612 
	}

		# Specific
	# Generic
	names = {
		name = "TRADE_COMPANY_ZGORZELEC_Root_Culture_GetName"
	}
	names = {
		name = "TRADE_COMPANY_ZGORZELEC_Company"
	}
}
tc_zielona_gora = { 
	color = { 
		15 47 31 
	}
	provinces = { 
		491 741 744 745 746 747 793 796 797 800
		802 803 810 811 816 817 818 820 822 831
		1002 1802 1803 2820 2821 2822 2832 2833 2881 2889
		2890 2900 2901 2902 2903 2905 2909 2929 2930 2931
		2933 2934 2935 2936 2937 2938 2942 4604 4605 2831
		564 560 563 106 2010 2011 2012 2013 557 558
		553 498 562 445 438 561 436 435 2014 2015
		2016
	}

		# Specific
	# Generic
	names = {
		name = "TRADE_COMPANY_ZIELONA_GORA_Root_Culture_GetName"
	}
	names = {
		name = "TRADE_COMPANY_ZIELONA_GORA_Company"
	}
}
tc_legnica = { 
	color = { 
		215 155 26 
	}
	provinces = { 
		502 742 750 751 766 768 769 772 773 784
		785 795 801 819 1004 2803 2804 2815 2816 2834
		2835 2837 2838 2840 2848 2882 2887 2888 2893 2895
		2896 2897 2904 2907 2913 2914 2920 2941 4617 2906
		2017 2018 2019 2021 2020 
	}

		# Specific
	# Generic
	names = {
		name = "TRADE_COMPANY_LEGNICA_Root_Culture_GetName"
	}
	names = {
		name = "TRADE_COMPANY_LEGNICA_Company"
	}
}
