Malopolska_kompania = { 
	color = { 
		237 100 166 
	}
	provinces = { 
		2767 2787 1225 4060 2790 2778 2780 1925 4055 4056
		4104 4021 4527 1215 4059 4034 1228 1191 1218 4321
		2756 2325 4320 1233 364 2474 354 2449 4567 2448
		2451 1169 4079 1797 1790 1173 1801 136 4726 1998
		4866 2880 1176 2440 833 1180 789 1181 1177 1179
		1038 1035 1034 2856 1163 4782 1168 4867 4853 4856
		1178 4028 4029 1164 4094 4093 4030 4026 4025 4024
		4098 1199 4036 1198 1197 4042 1196 2289 4037 1200
		4040 4045 4101 4099 4069 4050 4031 4103 4109 4068
		4071 4067 4146 1147 4097 4051 4848 4107 4105 4863
		4865 4864 4783 4781 4846 2726 4041 1182 1800 2952
		4057 1183 4849 2294 1171 1219 4044 1201 1192 1186
		4784 2728 2729 1094 1901 798 2949 1170 1093 4852
		1999 1184 1185 2732 2731 4043 2950 2730 1248 2951
		4850 2733 262 4855 1165 4078 4081 4100 4086 4085
		4087 4082 1796 1795 1306 1166 4102 4854 4851 1092
		4108 4095 355 357 356 2326 365 1190 4106 1189
		788 4070 4063 1209 1208 4054 
	}
}
