podkarpackie = { 
	location = 2788
	inland = yes
	color = { 
		0 128 0 
	}
	outgoing = { 
		name = "malopolska"
		path = { 
		}
		control = { 
		}
	}
	outgoing = { 
		name = "swietokrzyskie"
		path = { 
		}
		control = { 
		}
	}
	outgoing = { 
		name = "lubelskie"
		path = { 
		}
		control = { 
		}
	}
	members = { 
		511 515 517 521 523 527 531 533 536 540
		548 550 554 556 966 1084 1085 1086 1087 1089
		1090 1091 1098 1100 1101 1102 1103 1107 1108 1151
		1167 1172 1193 1194 1195 1202 1203 1204 1205 1206
		1207 1210 1211 1214 1223 1224 1242 1273 1791 1792
		1798 1799 1930 1947 2024 2027 2029 2030 2031 2032
		2033 2051 2052 2053 2061 2063 2069 2092 2094 2097
		2101 2734 2735 2736 2757 2758 2759 2761 2762 2763
		2764 2765 2768 2769 2772 2773 2774 2775 2776 2777
		2779 2781 2782 2783 2784 2785 2786 2788 2789 2791
		2792 2793 2794 2795 2796 4020 4022 4023 4027 4032
		4035 4038 4039 4046 4047 4048 4049 4052 4053 4058
		4061 4062 4064 4065 4066 4072 4073 4074 4075 4076
		4077 4158 4410 4413 4414 4417 4421 4422 4426 4427
		4434 4442 4453 4454 4455 4456 4457 4458 4460 4467
		4468 4495 4496 4497 4509 4534 4857 4858 4862 4868
		4869 4937 4939 
	}
}
malopolska = { 
	location = 262
	inland = yes
	color = { 
		255 255 0 
	}
	outgoing = { 
		name = "swietokrzyskie"
		path = { 
		}
		control = { 
		}
	}
	outgoing = { 
		name = "slaskie"
		path = { 
		}
		control = { 
		}
	}
	members = { 
		2767 2787 1225 4060 2790 2778 2780 1925 4055 4056
		4104 4021 4527 1215 4059 4034 1228 1191 1218 4321
		2756 2325 4320 1233 364 2474 354 2449 4567 2448
		2451 1169 4079 1797 1790 1173 1801 136 4726 1998
		4866 2880 1176 2440 833 1180 789 1181 1177 1179
		1038 1035 1034 2856 1163 4782 1168 4867 4853 4856
		1178 4028 4029 1164 4094 4093 4030 4026 4025 4024
		4098 1199 4036 1198 1197 4042 1196 2289 4037 1200
		4040 4045 4101 4099 4069 4050 4031 4103 4109 4068
		4071 4067 4146 1147 4097 4051 4848 4107 4105 4863
		4865 4864 4783 4781 4846 2726 4041 1182 1800 2952
		4057 1183 4849 2294 1171 1219 4044 1201 1192 1186
		4784 2728 2729 1094 1901 798 2949 1170 1093 4852
		1999 1184 1185 2732 2731 4043 2950 2730 1248 2951
		4850 2733 262 4855 1165 4078 4081 4100 4086 4085
		4087 4082 1796 1795 1306 1166 4102 4854 4851 1092
		4108 4095 355 357 356 2326 365 1190 4106 1189
		788 4070 4063 1209 1208 4054 1187 1188 2025 4847
		2727 1097 2319 
	}
}
lubelskie = { 
	location = 532
	inland = yes
	color = { 
		38 205 194 
	}
	outgoing = { 
		name = "swietokrzyskie"
		path = { 
		}
		control = { 
		}
	}
	outgoing = { 
		name = "mazowieckie"
		path = { 
		}
		control = { 
		}
	}
	members = { 
		386 391 397 398 399 400 403 404 452 503
		504 505 506 507 508 510 512 513 514 516
		518 519 520 522 524 525 526 528 529 530
		532 535 537 539 541 542 543 544 545 546
		547 549 551 552 559 569 572 578 740 774
		967 968 969 971 991 1088 1099 1106 1109 1239
		1246 1779 1946 1948 1949 1986 2026 2028 2034 2035
		2036 2037 2048 2049 2050 2054 2056 2057 2058 2059
		2060 2062 2064 2065 2066 2067 2068 2072 2073 2074
		2075 2076 2077 2078 2079 2080 2082 2083 2084 2085
		2086 2087 2088 2089 2090 2093 2099 2100 2127 2227
		2231 2333 2335 2336 2339 2346 2347 2454 2737 2738
		2739 2770 2771 2801 2932 4210 4276 4282 4285 4322
		4407 4408 4409 4411 4412 4415 4416 4418 4419 4420
		4423 4424 4425 4428 4429 4430 4431 4432 4433 4435
		4436 4437 4438 4439 4441 4443 4444 4445 4446 4447
		4448 4449 4451 4452 4459 4461 4462 4463 4464 4465
		4466 4480 4491 4492 4494 4498 4499 4500 4501 4502
		4503 4504 4505 4506 4507 4508 4510 4511 4513 4859
		4860 4861 2121 575 2124 458 460 1967 2198 457
		1968 4343 2350 2199 465 4306 425 383 4269 
	}
}
podlasie = { 
	location = 4684
	inland = yes
	color = { 
		128 0 0 
	}
	outgoing = { 
		name = "mazowieckie"
		path = { 
		}
		control = { 
		}
	}
	outgoing = { 
		name = "warminsko-mazurskie"
		path = { 
		}
		control = { 
		}
	}
	members = { 
		2437 1059 1066 4684 1054 2443 1063 1055 1064 1065
		2434 480 2441 471 953 2351 2369 1076 2433 2430
		1070 280 1944 4530 2405 1981 305 1964 4129 4266
		1077 4251 1955 4258 1756 282 4540 1943 2406 1782
		283 1036 1037 2411 4658 4208 1056 1033 1057 1058
		715 1041 1039 1040 2436 1942 1067 2429 716 1068
		714 2119 2431 2432 1061 2439 1783 1847 1031 4227
		1852 2745 1062 1045 2442 2966 2102 1032 4679 2370
		1973 439 4185 443 980 1969 2236 2428 4690 4493
		2364 2363 455 440 456 1060 2361 476 2353 4692
		479 2352 2359 2357 2358 1970 2356 
	}
}
warminsko-mazurskie = { 
	location = 295
	inland = yes
	color = { 
		0 255 64 
	}
	outgoing = { 
		name = "mazowieckie"
		path = { 
		}
		control = { 
		}
	}
	outgoing = { 
		name = "kujawsko-pomorskie"
		path = { 
		}
		control = { 
		}
	}
	outgoing = { 
		name = "pomorskie"
		path = { 
		}
		control = { 
		}
	}
	members = { 
		1842 1937 270 36 4529 271 1935 35 39 276
		1982 770 4246 4245 771 4244 4115 2962 954 1072
		1781 4539 281 2445 1945 1845 1012 1015 1835 25
		2 999 4745 275 988 273 11 33 1961 28
		1834 1960 4241 4242 311 1752 274 310 2408 30
		34 3 31 32 300 4148 4249 293 4544 4247
		2426 996 964 292 4243 295 2435 2438 1051 2742
		2407 297 4545 995 4252 1941 278 4255 4253 4147
		4117 307 301 1778 992 312 268 314 4259 1753
		4257 1957 997 4116 296 1962 1079 1963 1078 1755
		1972 4122 4262 4263 1083 4256 1082 2422 1754 4254
		1958 309 4261 4250 2423 306 4264 313 4124 1959
		308 4260 294 4248 1956 
	}
}
swietokrzyskie = { 
	location = 1120
	inland = yes
	color = { 
		255 128 0 
	}
	outgoing = { 
		name = "mazowieckie"
		path = { 
		}
		control = { 
		}
	}
	outgoing = { 
		name = "lódzkie"
		path = { 
		}
		control = { 
		}
	}
	outgoing = { 
		name = "slaskie"
		path = { 
		}
		control = { 
		}
	}
	members = { 
		340 341 351 352 353 358 359 360 361 362
		363 402 1009 1114 1120 1123 1130 1131 1133 1134
		1135 1137 1142 1143 1156 1157 1158 1159 1160 1213
		1216 1217 1220 1221 1222 1226 1227 1229 1230 1232
		1234 1249 1252 1253 1254 1255 1256 1257 1258 1259
		1263 1264 1265 1266 1267 1268 1269 1270 1271 1272
		1274 1275 1276 1277 1278 1279 1280 1281 1282 1283
		1284 1285 1286 1287 1288 1289 1290 1291 1292 1293
		1294 1295 1296 1297 1298 1299 1300 1301 1302 1303
		1304 1305 1307 1308 1309 1310 1311 1312 1313 1314
		1315 1316 1317 1319 1320 1321 1322 1323 1324 1328
		1329 1330 1331 1332 1333 1334 1335 1336 1337 1338
		1339 1340 1341 1342 1343 1344 1345 1346 1347 1348
		1349 1350 1351 1352 1353 1354 1355 1356 1357 1358
		1359 1360 1361 1362 1363 1364 1365 1366 1367 1368
		1369 1370 1371 1372 1373 1374 1375 1376 1377 1378
		1379 1380 1381 1382 1383 1384 1385 1386 1387 1388
		1389 1390 1391 1392 1393 1394 1395 1396 1397 1398
		1399 1400 1401 1402 1403 1404 1405 1406 1407 1408
		1409 1410 1411 1412 1413 1414 1415 1416 1417 1418
		1419 1420 1421 1422 1423 1424 1425 1426 1427 1428
		1429 1430 1431 1432 1433 1434 1435 1436 1437 1438
		1439 1440 1441 1442 1443 1444 1445 1446 1447 1448
		1449 1450 1451 1452 1453 1454 1455 1456 1457 1458
		1459 1460 1461 1462 1463 1464 1465 1466 1467 1468
		1469 1470 1471 1472 1473 1474 1475 1476 1477 1478
		1479 1480 1481 1482 1483 1484 1485 1486 1487 1488
		1489 1490 1491 1492 1493 1494 1495 1496 1497 1498
		1499 1500 1501 1502 1503 1504 1505 1506 1507 1508
		1509 1510 1511 1512 1513 1514 1515 1516 1517 1518
		1519 1520 1521 1522 1523 1524 1525 1526 1527 1528
		1529 1530 1531 1532 1533 1534 1535 1536 1537 1538
		1539 1540 1541 1542 1543 1544 1545 1546 1547 1548
		1549 1550 1551 1552 1553 1554 1555 1556 1557 1558
		1559 1560 1561 1562 1569 1572 1573 1575 1576 1579
		1584 1585 1586 1587 1588 1589 1590 1591 1592 1593
		1594 1595 1596 1597 1598 1599 1600 1601 1602 1603
		1604 1605 1606 1607 1608 1609 1610 1611 1612 1613
		1614 1615 1616 1617 1618 1619 1620 1621 1622 1623
		1624 1625 1626 1627 1628 1629 1630 1631 1632 1633
		1634 1635 1636 1637 1638 1639 1640 1641 1642 1643
		1644 1645 1646 1647 1652 1666 1667 1668 1669 1670
		1671 1672 1673 1674 1675 1676 1677 1678 1679 1680
		1681 1682 1683 1684 1685 1686 1687 1688 1689 1690
		1691 1692 1693 1694 1695 1696 1697 1698 1699 1700
		1701 1702 1703 1704 1705 1706 1707 1708 1709 1710
		1711 1712 1713 1714 1715 1716 1717 1718 1719 1720
		1721 1722 1723 1724 1725 1726 1727 1728 1729 1730
		1731 1732 1733 1734 1735 1736 1737 1738 1739 1740
		1741 1882 1924 1926 1927 1928 1929 1932 1975 1980
		2043 2238 2240 2243 2244 2245 2249 2250 2259 2264
		2265 2268 2274 2275 2277 2284 2285 2286 2288 2290
		2315 2316 2317 2318 2320 2321 2322 2323 2324 2343
		2344 2450 2452 2453 2455 2472 2473 2475 2760 2766
		2797 2798 2799 2800 2802 2954 2999 4033 4169 4224
		4225 4226 4233 4234 4283 4316 4317 4318 4319 4323
		4333 4346 4347 4357 4358 4512 4521 4566 
	}
}
slaskie = { 
	location = 1318
	inland = yes
	color = { 
		36 136 126 
	}
	outgoing = { 
		name = "opolskie"
		path = { 
		}
		control = { 
		}
	}
	outgoing = { 
		name = "lódzkie"
		path = { 
		}
		control = { 
		}
	}
	members = { 
		2239 2299 1112 2254 2292 2271 1140 2269 1138 2293
		2291 1161 2280 2283 2281 2282 2287 2276 2258 1126
		2257 441 2255 1119 164 1848 163 4701 1118 2242
		2241 2272 2273 141 1139 2278 1148 955 1162 158
		2263 146 1764 1853 4699 149 148 2750 1765 159
		4706 4704 4176 2270 1141 1152 1153 2279 1154 1155
		1149 153 4080 4757 4239 4127 161 1952 157 4128
		160 1766 1954 4175 4703 150 4754 138 1951 3000
		1827 156 957 4173 1318 154 134 958 4749 2994
		4742 51 58 4743 2965 128 129 50 133 1770
		62 4717 131 4738 1769 4751 130 1953 162 1831
		4755 3002 4126 4125 140 1767 1793 4240 1794 4236
		1111 137 1864 4756 59 67 1828 2955 4752 1763
		4708 4707 76 4744 1007 135 1772 152 139 1826
		4753 265 4724 2968 2957 64 1757 4084 4088 1174
		1175 4083 2864 4090 4089 4092 2967 266 1771 267
		2970 956 4725 4091 4096 2948 1096 
	}
}
opolskie = { 
	location = 4761
	inland = yes
	color = { 
		239 120 101 
	}
	outgoing = { 
		name = "dolnoslaskie"
		path = { 
		}
		control = { 
		}
	}
	outgoing = { 
		name = "wielkopolska"
		path = { 
		}
		control = { 
		}
	}
	outgoing = { 
		name = "lódzkie"
		path = { 
		}
		control = { 
		}
	}
	members = { 
		4741 2964 47 46 4778 61 4759 4531 4748 4750
		4174 4780 4705 4779 144 4702 4698 3003 1773 320
		4308 4312 2298 322 2297 318 145 2668 2499 151
		2348 4177 2617 4640 4576 854 860 2615 856 4578
		4645 2871 2657 2875 857 2619 2614 855 858 52
		2996 4786 2956 60 2993 1863 2998 132 4762 4700
		142 143 147 4648 3001 4709 1759 4761 4760 959
		859 
	}
}
lódzkie = { 
	location = 343
	color = { 
		25 41 121 
	}
	outgoing = { 
		name = "wielkopolska"
		path = { 
		}
		control = { 
		}
	}
	outgoing = { 
		name = "mazowieckie"
		path = { 
		}
		control = { 
		}
	}
	members = { 
		343 4341 428 2209 2203 329 4314 2300 4313 4298
		2301 332 2211 2207 2314 406 4294 2212 4307 4178
		328 327 2304 1846 4310 417 330 2302 324 326
		325 4301 2746 1128 2260 1117 2267 2256 1124 1121
		2247 2251 1150 1136 2295 1144 1122 2252 1145 1146
		1125 415 4293 2206 4289 45 4288 408 2217 4170
		409 424 4291 410 2312 4168 2311 413 4342 412
		2219 4332 344 337 336 4562 2465 335 4340 416
		4300 2214 414 4337 4339 2215 2210 426 423 2204
		4305 4532 366 4565 348 4561 4338 155 2464 4167
		4568 4569 2461 349 2462 2459 2460 1110 347 2246
		2237 1113 1127 1116 2262 2266 2253 2248 2261 1132
		1129 1115 367 368 2466 339 2458 334 338 4563
		342 4564 2463 2470 345 2469 4290 4171 427 429
		2468 2467 1751 432 2222 4334 446 2216 2213 2235
		4326 4325 2224 4336 4328 4345 431 2232 4327 2220
		321 2457 350 377 2221 434 2233 4324 990 949
		451 950 447 382 1854 4772 
	}
}
dolnoslaskie = { 
	location = 848
	inland = yes
	color = { 
		200 111 209 
	}
	outgoing = { 
		name = "lubuskie"
		path = { 
		}
		control = { 
		}
	}
	outgoing = { 
		name = "wielkopolska"
		path = { 
		}
		control = { 
		}
	}
	members = { 
		848 851 346 4580 2642 1001 4579 2621 4598 852
		4572 2627 2632 843 2634 853 4641 791 2836 2843
		2874 2862 2876 2863 2870 786 781 780 2868 2866
		2873 2860 779 2865 2849 778 2846 2842 2878 790
		2854 782 2869 1971 1095 2845 2844 783 787 2847
		794 2638 2623 2626 4587 2839 4594 844 842 4589
		2653 2940 2946 835 483 2805 1005 795 2803 502
		4617 1004 2815 2816 801 2941 2834 2882 768 2835
		2893 2920 2888 2910 752 2928 2885 2904 751 2886
		748 2927 2926 2925 2917 759 2916 2911 2918 2923
		2891 2908 2899 765 2898 749 750 757 2924 760
		761 754 753 755 2921 756 2914 769 766 2897
		785 2907 2906 784 2838 2895 2837 2848 772 773
		2887 2896 2913 2915 2912 2922 758 2919 764 763
		2894 775 2853 777 2883 2879 2859 2855 762 2892
		776 2884 2857 799 2858 2867 2850 2877 2852 2851
		2861 1000 792 2637 839 2872 2841 2636 2840 
	}
}
mazowieckie = { 
	location = 257
	color = { 
		255 0 0 
	}
	outgoing = { 
		name = "kujawsko-pomorskie"
		path = { 
		}
		control = { 
		}
	}
	members = { 
		19 27 29 37 38 206 257 272 279 284
		285 286 287 288 289 290 291 298 299 302
		303 304 378 379 380 381 384 385 387 388
		389 390 392 393 394 395 396 401 405 430
		433 437 442 444 448 449 450 453 454 459
		461 463 464 466 467 468 469 470 472 473
		474 475 477 478 509 538 555 576 577 710
		711 712 713 718 719 724 727 729 731 732
		733 734 735 737 738 739 962 963 972 976
		977 978 979 981 1008 1013 1014 1017 1018 1019
		1020 1021 1023 1024 1025 1026 1027 1028 1029 1030
		1042 1043 1044 1046 1047 1048 1049 1050 1052 1069
		1071 1073 1074 1075 1080 1081 1212 1240 1241 1243
		1244 1768 1780 1784 1785 1786 1787 1818 1819 1820
		1825 1830 1832 1837 1839 1843 1849 1850 1855 1857
		1965 1966 1974 1987 1988 1989 1994 1997 2055 2095
		2103 2104 2105 2106 2108 2118 2120 2122 2125 2126
		2128 2129 2154 2155 2185 2189 2192 2195 2197 2200
		2201 2208 2218 2223 2225 2226 2228 2230 2234 2313
		2327 2328 2329 2330 2331 2332 2334 2337 2338 2340
		2341 2345 2349 2354 2355 2360 2362 2365 2366 2367
		2368 2409 2410 2412 2413 2414 2415 2416 2417 2418
		2419 2420 2421 2425 2427 2444 2447 2456 2694 2741
		2743 2744 2961 4123 4131 4156 4180 4181 4182 4183
		4184 4186 4187 4188 4189 4190 4191 4192 4193 4206
		4207 4209 4214 4215 4216 4217 4218 4222 4228 4229
		4230 4231 4232 4265 4267 4268 4270 4271 4272 4273
		4274 4277 4278 4279 4280 4281 4284 4286 4287 4297
		4330 4331 4335 4344 4359 4360 4516 4520 4536 4537
		4542 4543 4651 4654 4655 4657 4659 4660 4662 4663
		4666 4680 4681 4682 4683 4685 4686 4687 4688 4689
		4691 4693 4934 4935 4936 4329 
	}
}
kujawsko-pomorskie = { 
	location = 4722
	color = { 
		227 188 133 
	}
	outgoing = { 
		name = "pomorskie"
		path = { 
		}
		control = { 
		}
	}
	outgoing = { 
		name = "wielkopolska"
		path = { 
		}
		control = { 
		}
	}
	members = { 
		181 185 182 186 191 174 1762 982 4746 49
		44 55 4775 4715 79 1744 204 4386 4384 121
		177 178 2985 333 2983 176 2972 4766 4390 2991
		187 4696 4719 70 202 201 4720 205 4622 4392
		2649 4765 2654 68 4713 4718 92 97 96 4383
		77 973 4764 4710 1870 4721 165 4722 1873 974
		4712 1742 95 100 82 1876 4771 1775 53 56
		86 81 98 4382 2975 4381 85 2973 1931 1940
		110 84 69 83 2424 260 2959 269 4155 767
		41 4541 261 40 1936 4535 534 4538 277 256
		2958 1859 254 2997 2963 4523 4238 4526 65 73
		93 1760 2974 4714 1872 4767 4758 80 1761 264
		993 1939 4528 258 255 4525 1938 4524 2960 1869
		259 166 74 94 72 1871 263 4533 189 75
		188 1880 4777 193 
	}
}
lubuskie = { 
	location = 810
	inland = yes
	color = { 
		48 104 238 
	}
	outgoing = { 
		name = "zachodnio-pomorskie"
		path = { 
		}
		control = { 
		}
	}
	outgoing = { 
		name = "wielkopolska"
		path = { 
		}
		control = { 
		}
	}
	members = { 
		819 742 2804 831 4604 4605 2820 820 822 793
		2902 2903 797 2901 2929 2881 2909 2890 2935 2938
		747 2930 1803 2905 746 2934 2936 2937 745 800
		744 2931 796 2942 803 2832 818 2831 817 741
		491 816 802 2833 2900 2933 2889 810 811 1802
		2822 2821 804 743 805 2947 2828 2829 2830 806
		2944 809 2826 814 812 815 2943 821 125 4736
		123 124 120 2656 485 2823 1006 2825 2827 807
		808 1002 
	}
}
wielkopolska = { 
	location = 501
	inland = yes
	color = { 
		186 186 50 
	}
	outgoing = { 
		name = "zachodnio-pomorskie"
		path = { 
		}
		control = { 
		}
	}
	members = { 
		2818 1003 2939 4615 487 4616 2811 2810 482 2819
		2660 2663 4711 4588 836 4592 2664 2002 840 2661
		838 841 4590 2652 845 2650 2645 2643 4575 2644
		2628 4583 2303 4574 1856 2308 462 2196 407 4647
		2306 420 421 4295 4292 4303 2307 2309 4304 4296
		2202 419 2205 4302 4179 2310 66 1868 4716 63
		54 4774 57 4141 4773 411 4770 78 1874 71
		418 331 861 4642 4582 2633 2629 2647 2624 4606
		4573 2646 849 850 2618 2971 99 1758 4649 1865
		90 4570 2648 4646 2622 4571 2630 4581 4591 847
		2651 4586 4593 4597 4595 829 490 492 824 2817
		4612 2812 834 2808 2809 4613 2824 118 813 2945
		830 4596 2807 4609 825 2814 4608 4614 4607 823
		832 828 4621 4603 493 4619 4602 501 4599 500
		4611 499 497 826 4600 4731 126 119 2982 4547
		108 983 4732 4601 2806 827 4733 2986 4549 211
		214 2987 1877 495 496 4620 2659 837 2662 2640
		4610 2813 4623 846 4585 4584 2631 4624 488 2658
		4618 489 484 2635 494 192 1881 4391 200 4735
		127 4734 1247 173 213 2988 4550 1750 220 2751
		221 2755 4557 4560 212 2990 2989 170 171 210
		4373 225 4643 2641 2305 4315 422 4299 2667 4309
		323 319 317 316 2296 4311 
	}
}
zachodnio-pomorskie = { 
	location = 2978
	end = yes
	color = { 
		156 24 189 
	}
	members = { 
		247 1104 4121 1105 1804 4380 246 1860 372 235
		4370 238 4371 243 1861 4747 234 4374 4130 4376
		236 237 240 4372 239 48 374 4559 218 241
		4361 4555 4558 216 1747 4788 1749 4366 4369 233
		209 4551 215 4789 1746 112 2754 226 4546 1748
		222 223 4737 1934 197 122 2984 4145 4727 4740
		113 1933 219 4552 224 4548 1745 2976 114 4730
		2980 4739 115 229 207 230 208 4150 4787 1851
		4556 4553 232 231 228 1858 227 117 116 2977
		2978 111 4729 1774 10 103 102 109 1862 486
		2655 105 481 2979 107 1875 2992 2981 104 4728
		101 245 106 1 
	}
}
pomorskie = { 
	location = 43
	end = yes
	color = { 
		16 115 186 
	}
	members = { 
		4378 4112 4367 175 4785 984 4368 4379 373 4365
		4120 376 4119 2995 4377 375 4118 1978 370 249
		4362 4114 1979 252 371 369 4153 4110 4364 250
		4387 4697 195 4389 194 2753 198 248 4776 4694
		180 4695 994 4154 190 179 88 89 183 87
		203 15 4142 952 4768 1743 4388 184 1878 13
		1866 6 16 4 5 4164 7 4163 4143 1985
		1841 4165 4166 1984 12 1983 26 14 91 4769
		42 2969 9 18 8 4113 4160 4157 4161 199
		987 17 22 4144 43 1776 1777 4363 251 24
		23 20 2752 4151 315 4152 21 985 986 253
		196 1879 168 4111 167 244 242 4375 217 172
		4385 169 
	}
}
