List of IDs with changed positions:
1
2
3
4
5
6
7
8
9
10
11
16
17
20
21
22
23
24
25
28
30
31
32
33
34
43
48
102
106
107
109
111
112
113
114
115
116
117
128
197
198
199
207
208
216
218
219
224
227
228
229
230
231
232
235
239
241
247
249
273
274
275
296
306
308
309
310
311
313
315
369
370
371
372
374
435
436
438
445
486
498
553
557
558
560
561
562
563
564
582
583
584
585
586
587
588
589
590
591
592
593
594
595
596
597
598
599
600
601
602
603
604
605
606
607
608
609
610
611
612
613
614
615
616
617
618
619
620
621
622
643
644
645
646
647
648
649
650
666
741
770
778
779
780
790
797
817
818
820
863
864
865
866
867
868
869
870
890
891
892
902
986
988
997
999
1078
1079
1082
1083
1105
1745
1746
1747
1754
1755
1774
1776
1777
1804
1805
1806
1807
1808
1809
1810
1812
1813
1814
1815
1817
1821
1822
1823
1824
1829
1833
1834
1836
1838
1840
1841
1844
1851
1858
1934
1956
1957
1959
1960
1961
1962
1963
1972
1979
1982
1985
2010
2011
2012
2013
2014
2015
2016
2408
2422
2423
2603
2604
2605
2606
2607
2608
2609
2610
2611
2612
2613
2669
2670
2671
2672
2673
2674
2675
2676
2677
2678
2752
2753
2831
2839
2842
2846
2849
2854
2860
2865
2866
2868
2873
2878
2879
2921
2977
2978
2979
2980
2995
3017
3037
3060
3062
3063
3064
3073
3083
3122
3134
3135
3190
3196
3217
3220
3387
3388
3416
3425
3444
3451
3503
3531
3559
3577
3585
3614
3618
3620
3621
3650
3655
3681
4110
4114
4116
4119
4122
4124
4143
4144
4150
4151
4152
4153
4157
4160
4161
4163
4164
4241
4248
4250
4256
4260
4261
4262
4263
4264
4361
4362
4370
4371
4372
4393
4394
4395
4396
4397
4398
4399
4400
4401
4402
4403
4404
4405
4406
4548
4552
4553
4555
4556
4558
4559
4604
4605
4727
4729
4730
4739
4740
4745
4761
4787
4788
4875
