Total IDs: 4043
Ignored IDs: 894
Unchanged IDs (excluding ignored): 140
Changed IDs (excluding ignored): 3020
Percentage of changed IDs (excluding ignored): 95.90%
Percentage of changed IDs (including ignored): 74.70%

List of IDs with same positions:
491
531
541
543
545
546
549
552
690
735
737
788
822
825
835
952
954
956
963
987
991
1019
1021
1030
1059
1075
1076
1085
1089
1091
1112
1171
1205
1206
1208
1209
1215
1220
1225
1751
1759
1766
1811
1816
1832
1856
1860
1925
2029
2033
2082
2084
2099
2125
2206
2259
2272
2274
2279
2356
2369
2553
2699
2710
2711
2712
2713
2714
2715
2716
2717
2718
2719
2720
2721
2722
2723
2734
2764
2780
2783
2784
2785
2787
2790
2808
2814
2817
2851
2852
2962
2973
2976
3003
3098
3565
4039
4044
4054
4059
4065
4067
4068
4070
4071
4080
4092
4109
4113
4118
4174
4175
4222
4320
4350
4410
4414
4421
4425
4433
4437
4445
4507
4527
4587
4608
4612
4630
4678
4693
4698
4709
4763
4857
4870
4871
4872
4873
4874
4939
