##################################################################
### Terrain Categories
###
### Terrain types: plains, mountains, hills, desert, artic, forest, jungle, marsh, pti
### Types are used by the game to apply certain bonuses/maluses on movement/combat etc.
###
### Sound types: plains, forest, desert, sea, jungle, mountains

categories =  {
	pti = {
		type = pti
	}

	ocean = {
		color = { 255 255 255 }

		sound_type = sea
		is_water = yes

		movement_cost = 1.0
	}

	inland_ocean = {
		color = { 0 0 200 }

		sound_type = sea
		is_water = yes
		inland_sea = yes

		movement_cost = 1.0
		
		terrain_override = {}
	}	

	glacier = {
		color = { 235 235 235 }

		sound_type = desert

		defence = 1
		movement_cost = 1.25
		supply_limit = 2		
		local_development_cost = 0.5
		nation_designer_cost_multiplier = 0.75		
		
		terrain_override = {}
	}

	farmlands = {
		color = { 179 255 64 }

		type = plains
		sound_type = plains

		movement_cost = 1.10
		local_development_cost = -0.05
		supply_limit = 10
		allowed_num_of_buildings = 1
		nation_designer_cost_multiplier = 1.05
		
		terrain_override = { 2 3 4 6 7 8 9 10 13 15 16 25 26 27 29 30 31 32 33 37 42 45 47 52 54 57 58 59 61 63 65 68 73 74 75 77 78 79 81 82 83 84 85 90 92 93 94 95 96 97 98 99 100 102 103 109 114 122 124 127 144 149 152 155 165 169 173 174 177 178 188 192 193 197 201 202 204 205 212 221 235 240 255 256 260 261 263 272 274 280 283 286 294 308 310 311 313 314 316 320 327 334 338 339 341 348 351 354 357 358 359 360 361 362 367 369 385 391 395 396 398 401 402 409 411 412 413 417 424 425 431 432 433 434 446 449 451 456 458 460 462 465 476 482 484 486 487 488 490 492 493 494 502 504 506 508 509 510 512 514 515 516 517 518 519 522 525 527 528 532 537 541 543 544 545 546 549 551 552 554 559 572 576 577 609 613 630 686 696 699 701 704 710 713 715 723 730 740 742 745 749 750 751 760 765 769 772 781 782 783 787 788 791 793 794 797 801 816 817 818 824 825 828 830 836 838 840 842 845 846 847 848 850 852 853 858 859 864 865 869 875 935 949 950 952 957 964 968 973 974 980 990 991 997 999 1001 1005 1008 1012 1014 1015 1031 1032 1036 1037 1039 1040 1041 1045 1054 1055 1057 1062 1064 1068 1069 1073 1075 1076 1080 1088 1090 1091 1095 1099 1106 1108 1109 1110 1124 1134 1135 1142 1143 1147 1156 1158 1159 1160 1165 1169 1171 1182 1188 1190 1191 1192 1196 1200 1206 1208 1212 1213 1216 1217 1218 1220 1221 1222 1225 1227 1228 1230 1232 1234 1239 1246 1247 1248 1319 1742 1743 1756 1758 1759 1761 1775 1780 1782 1785 1786 1790 1793 1796 1797 1806 1810 1825 1828 1836 1838 1846 1847 1859 1862 1865 1866 1870 1872 1873 1876 1877 1880 1881 1931 1936 1938 1940 1944 1945 1946 1948 1954 1956 1959 1961 1964 1967 1969 1973 1983 1985 1986 2002 2018 2025 2045 2046 2047 2049 2051 2054 2056 2057 2058 2059 2067 2068 2074 2075 2076 2077 2082 2084 2086 2087 2088 2089 2092 2100 2102 2106 2108 2121 2122 2189 2192 2196 2199 2204 2207 2217 2218 2219 2220 2222 2223 2224 2225 2226 2227 2230 2232 2233 2238 2244 2246 2259 2269 2274 2277 2284 2296 2306 2312 2314 2319 2320 2321 2322 2323 2325 2326 2328 2333 2334 2335 2339 2346 2352 2353 2366 2370 2406 2408 2409 2417 2423 2428 2431 2436 2450 2456 2460 2467 2468 2470 2473 2474 2482 2484 2489 2494 2499 2500 2515 2516 2518 2520 2527 2528 2529 2531 2536 2538 2540 2541 2545 2546 2547 2556 2573 2575 2576 2579 2581 2586 2587 2589 2599 2606 2607 2609 2613 2614 2615 2621 2624 2629 2630 2631 2633 2635 2645 2647 2649 2650 2653 2654 2658 2659 2660 2661 2664 2669 2673 2674 2675 2676 2707 2710 2722 2732 2733 2735 2737 2738 2739 2756 2760 2764 2766 2767 2769 2771 2774 2783 2790 2792 2795 2798 2801 2802 2803 2804 2806 2807 2808 2814 2820 2821 2826 2834 2845 2847 2848 2851 2852 2853 2858 2860 2861 2862 2866 2870 2874 2877 2886 2887 2888 2892 2895 2897 2902 2904 2907 2908 2911 2916 2917 2918 2924 2925 2926 2927 2931 2939 2946 2950 2956 2958 2959 2960 2965 2966 2973 2977 2979 2980 2987 2990 2994 2996 3019 3037 3062 3103 3135 3220 3225 3232 3280 3337 3501 3502 3655 3657 4017 4018 4033 4034 4037 4046 4054 4056 4058 4067 4070 4077 4081 4099 4100 4123 4124 4141 4143 4144 4145 4153 4157 4160 4164 4166 4167 4169 4170 4175 4177 4178 4180 4183 4185 4187 4207 4215 4216 4217 4241 4242 4261 4263 4269 4277 4282 4283 4286 4287 4288 4289 4292 4294 4298 4300 4303 4308 4309 4312 4317 4319 4320 4321 4322 4323 4324 4327 4328 4330 4334 4335 4336 4342 4345 4349 4350 4372 4381 4383 4385 4386 4391 4392 4393 4407 4408 4409 4410 4411 4415 4416 4418 4424 4425 4426 4428 4429 4433 4434 4436 4437 4438 4443 4445 4446 4448 4453 4454 4456 4459 4464 4465 4492 4495 4498 4500 4502 4505 4507 4512 4520 4521 4523 4524 4525 4527 4528 4533 4534 4535 4536 4537 4538 4550 4559 4560 4564 4566 4570 4571 4574 4576 4581 4582 4584 4586 4589 4592 4593 4595 4601 4607 4608 4609 4611 4616 4621 4623 4625 4633 4641 4646 4647 4649 4654 4655 4663 4671 4677 4679 4680 4682 4687 4689 4690 4691 4703 4705 4712 4713 4714 4718 4721 4726 4727 4730 4734 4735 4736 4738 4740 4741 4742 4743 4748 4749 4752 4753 4758 4760 4764 4765 4766 4767 4770 4771 4772 4773 4774 4802 4807 4816 4817 4819 4820 4821 4823 4827 4841 4842 4845 4854 4855 4858 4859 4861 4939 }
	}
	
	forest = {
		color = { 18 74 9 }

		type = forest
		sound_type = forest
		
		movement_cost = 1.25
		defence = 1
		supply_limit = 4
		local_development_cost = 0.2
		nation_designer_cost_multiplier = 0.9
		
		terrain_override = { 20 34 44 64 69 70 104 105 112 115 118 119 126 142 146 147 148 159 175 180 181 182 184 185 196 199 203 207 215 217 222 223 225 226 228 242 243 244 245 246 251 267 273 275 277 289 297 298 305 312 321 329 342 366 373 377 379 381 382 384 388 392 394 400 439 463 464 470 471 479 480 483 495 496 523 526 542 548 555 569 678 682 687 719 732 735 747 748 800 803 804 805 809 810 811 812 813 821 835 863 956 958 959 962 982 983 1002 1042 1043 1079 1096 1103 1116 1118 1125 1146 1152 1154 1162 1166 1172 1174 1175 1194 1207 1224 1289 1306 1745 1748 1762 1764 1765 1767 1768 1834 1835 1857 1860 1861 1869 1871 1879 1933 1941 1942 1955 1963 1974 1981 1987 2031 2032 2036 2050 2061 2079 2085 2119 2126 2128 2155 2200 2242 2250 2254 2261 2263 2267 2273 2279 2292 2301 2309 2310 2351 2356 2359 2363 2364 2413 2424 2430 2437 2441 2444 2453 2472 2486 2535 2588 2590 2592 2608 2632 2636 2644 2646 2648 2655 2656 2667 2702 2704 2709 2720 2723 2728 2730 2736 2750 2754 2755 2757 2809 2824 2827 2829 2838 2855 2859 2864 2881 2882 2890 2900 2905 2910 2928 2929 2935 2936 2937 2938 2944 2948 2951 2957 2967 2968 2970 2981 2982 2984 3002 3003 3091 3148 3180 3226 3335 3396 3444 3515 3544 4001 4016 4020 4021 4022 4023 4061 4066 4083 4084 4088 4091 4110 4115 4120 4127 4130 4150 4247 4251 4274 4284 4299 4329 4331 4338 4343 4348 4364 4365 4366 4368 4373 4375 4376 4377 4382 4388 4390 4397 4406 4412 4417 4430 4444 4449 4463 4466 4493 4497 4501 4532 4541 4546 4547 4548 4553 4557 4583 4598 4610 4658 4659 4660 4674 4694 4695 4696 4699 4700 4704 4719 4728 4729 4731 4737 4754 4776 4785 4794 4800 4832 4835 4937 }
	}
	
	hills = {
		color = { 113 176 151 }

		type = hills
		sound_type = mountains

		movement_cost = 1.40
		defence = 1
		local_defensiveness = 0.1
		local_development_cost = 0.25
		nation_designer_cost_multiplier = 0.85
		supply_limit = 5
		
		terrain_override = { 353 356 383 404 511 520 521 536 607 691 695 763 775 776 779 786 798 799 857 966 1035 1084 1093 1102 1114 1130 1163 1167 1178 1183 1189 1193 1197 1198 1203 1211 1273 1791 1795 1798 1800 1901 1947 1949 2030 2033 2052 2097 2099 2231 2240 2243 2245 2286 2289 2290 2294 2317 2336 2475 2481 2485 2490 2491 2505 2510 2521 2522 2565 2657 2726 2731 2753 2763 2768 2772 2781 2782 2784 2785 2791 2793 2794 2842 2846 2849 2854 2857 2863 2868 2894 2896 2899 2913 2914 2915 2922 2932 2952 2954 2964 3042 3222 3584 4031 4038 4040 4044 4045 4047 4051 4055 4057 4094 4097 4098 4101 4105 4107 4108 4109 4174 4250 4427 4432 4457 4458 4499 4626 4627 4632 4750 4783 4784 4846 4847 4848 4849 4851 4852 4862 }
	}

	
	woods = {
		color = { 41 155 22 }

		type = forest
		sound_type = forest

		movement_cost = 1.10
		defence = 1
		local_development_cost = 0.15
		nation_designer_cost_multiplier = 0.9
		supply_limit = 6
		
		terrain_override = { 12 14 39 53 87 89 107 113 121 128 132 136 141 143 145 150 151 163 164 166 168 171 172 176 189 191 194 200 213 218 227 230 231 232 233 234 238 239 252 254 259 264 269 282 290 317 324 325 330 332 345 363 371 375 376 387 393 399 403 419 420 422 423 440 443 450 455 457 481 497 499 503 533 540 575 612 688 692 714 717 726 731 734 741 743 744 746 757 766 768 774 785 795 796 802 806 807 808 815 819 831 834 841 844 849 860 861 868 871 874 890 891 953 963 987 996 1003 1023 1025 1027 1033 1044 1046 1049 1050 1060 1070 1077 1082 1089 1107 1113 1115 1119 1123 1126 1133 1137 1139 1141 1144 1149 1157 1170 1176 1187 1195 1204 1219 1746 1751 1755 1763 1773 1778 1787 1807 1814 1819 1837 1844 1849 1852 1854 1855 1864 1875 1882 1934 1937 1953 1957 1962 1970 1978 2020 2028 2042 2062 2064 2073 2080 2090 2103 2104 2105 2195 2202 2211 2221 2228 2234 2239 2241 2247 2251 2262 2265 2266 2275 2276 2278 2293 2295 2297 2299 2300 2302 2303 2313 2316 2348 2350 2357 2358 2369 2405 2407 2411 2416 2426 2432 2434 2438 2442 2443 2452 2454 2469 2477 2493 2501 2533 2537 2544 2552 2560 2582 2585 2617 2627 2637 2641 2680 2682 2686 2687 2689 2691 2692 2701 2708 2712 2713 2715 2729 2734 2765 2770 2775 2777 2778 2789 2805 2811 2833 2841 2844 2850 2856 2889 2898 2903 2920 2930 2933 2940 2942 2943 2945 2947 2972 2976 2993 2995 2999 3001 3007 3095 3152 3153 3162 3191 3196 3257 3282 3394 3451 3500 3505 3558 4062 4064 4068 4089 4090 4104 4116 4122 4125 4146 4148 4161 4184 4189 4210 4227 4243 4246 4260 4262 4268 4305 4315 4318 4340 4344 4359 4367 4369 4374 4380 4396 4398 4405 4413 4422 4423 4452 4462 4494 4508 4510 4513 4530 4542 4543 4552 4555 4561 4579 4594 4604 4605 4613 4614 4624 4639 4642 4648 4657 4675 4681 4698 4701 4702 4724 4759 4762 4775 4777 4779 4787 4788 4789 4814 4824 4830 4831 4833 4857 4860 4863 4869 }
	}
	
	mountain = {
		color = { 105 24 4 }

		type = mountains
		sound_type = mountains

		movement_cost = 1.5
		defence = 2
		local_defensiveness = 0.25
		local_development_cost = 0.35
		nation_designer_cost_multiplier = 0.75
		supply_limit = 4
		
		terrain_override = { 606 753 758 789 833 1168 1180 1181 1998 4866 }
	}

	impassable_mountains = {
		color = { 128 128 128 }

		sound_type = desert

		movement_cost = 8.0
		defence = 6
		local_development_cost = 10		
	}

	grasslands = {
		color = { 90 235 27 }

		type = plains
		sound_type = plains

		movement_cost = 1.0
		supply_limit = 8
		allowed_num_of_buildings = 1
		nation_designer_cost_multiplier = 1
		
		terrain_override = { 19 28 36 38 40 41 46 49 56 60 66 71 86 88 91 101 106 108 110 123 125 134 167 170 179 190 206 208 209 210 211 214 216 219 220 224 236 237 241 247 248 250 258 265 268 270 271 278 279 284 285 287 288 291 293 295 300 302 309 318 319 322 323 326 331 333 335 336 337 340 343 344 346 347 349 355 364 365 372 374 378 380 389 390 405 410 414 415 416 418 421 427 428 429 430 435 436 437 438 442 444 445 447 448 452 453 454 459 461 467 469 472 474 475 477 478 485 491 498 505 507 529 530 534 535 538 553 556 557 558 560 561 562 563 564 565 566 567 568 570 571 573 574 578 579 580 581 582 583 584 585 586 587 588 589 590 591 592 593 594 595 596 597 598 599 600 601 602 603 604 605 614 615 616 617 618 619 620 621 622 623 624 625 627 628 629 631 632 633 634 635 636 637 638 639 640 641 642 643 644 645 646 647 648 649 650 651 652 653 654 655 656 657 658 659 660 661 662 663 664 665 668 670 671 672 673 674 675 676 677 679 698 707 709 711 712 716 718 724 727 729 733 737 738 767 770 777 784 792 822 823 827 832 839 854 856 867 872 878 879 880 967 971 972 976 977 979 981 984 993 994 1000 1006 1013 1018 1019 1020 1024 1026 1028 1029 1047 1048 1051 1052 1067 1071 1072 1074 1078 1081 1083 1085 1087 1092 1104 1105 1117 1121 1122 1127 1128 1129 1131 1145 1150 1151 1177 1210 1214 1223 1229 1233 1240 1241 1242 1243 1488 1592 1744 1747 1749 1750 1752 1760 1774 1779 1784 1799 1801 1802 1805 1809 1818 1820 1830 1832 1839 1842 1843 1845 1850 1851 1856 1863 1874 1878 1930 1939 1960 1965 1966 1968 1972 1982 1984 1994 2010 2011 2012 2013 2014 2015 2016 2022 2023 2024 2026 2027 2029 2034 2037 2039 2044 2055 2060 2063 2069 2072 2078 2093 2094 2095 2101 2118 2120 2124 2125 2129 2154 2197 2198 2201 2203 2205 2206 2208 2209 2210 2212 2213 2214 2215 2216 2235 2237 2248 2249 2252 2253 2256 2260 2264 2285 2298 2304 2305 2307 2308 2311 2318 2327 2329 2331 2332 2337 2338 2340 2341 2344 2345 2349 2354 2355 2360 2362 2365 2368 2410 2412 2414 2415 2419 2420 2421 2422 2425 2427 2429 2435 2447 2448 2449 2455 2457 2458 2459 2463 2464 2465 2466 2479 2480 2487 2488 2492 2495 2503 2504 2506 2507 2508 2509 2514 2550 2554 2562 2566 2596 2597 2601 2605 2610 2611 2618 2619 2622 2623 2626 2628 2634 2638 2640 2642 2652 2662 2671 2672 2677 2678 2681 2694 2706 2716 2719 2721 2725 2741 2742 2743 2744 2746 2758 2761 2762 2773 2776 2779 2780 2786 2796 2797 2812 2815 2816 2817 2818 2819 2822 2823 2825 2828 2836 2837 2840 2843 2872 2901 2941 2961 2969 2971 2974 2983 2986 2988 2989 2992 2997 3098 3184 3189 3224 3314 3333 3336 3520 3559 3577 3609 4035 4048 4053 4060 4069 4071 4073 4074 4075 4076 4078 4082 4087 4102 4106 4112 4118 4119 4121 4129 4131 4142 4154 4155 4158 4163 4165 4168 4171 4179 4181 4182 4188 4190 4191 4192 4206 4208 4209 4214 4218 4222 4228 4229 4230 4231 4232 4238 4244 4245 4248 4249 4252 4257 4264 4265 4266 4270 4271 4272 4273 4278 4279 4280 4281 4285 4290 4291 4293 4295 4296 4301 4302 4304 4306 4307 4310 4311 4313 4314 4326 4339 4341 4355 4360 4361 4363 4370 4371 4378 4379 4384 4387 4414 4421 4431 4441 4455 4461 4467 4468 4480 4496 4504 4506 4509 4516 4526 4529 4540 4549 4551 4556 4558 4562 4563 4573 4575 4578 4580 4588 4591 4597 4600 4606 4617 4618 4628 4631 4643 4651 4662 4666 4670 4676 4683 4684 4685 4686 4688 4693 4710 4711 4715 4716 4720 4722 4732 4733 4746 4747 4768 4778 4811 4813 4836 4837 4844 4853 4867 4868 4896 4897 4898 4899 4900 4901 4936 }
	}

	jungle = {
		color = { 98 163 18 }

		type = jungle
		sound_type = jungle

		movement_cost = 1.5
		defence = 1
		local_development_cost = 0.35
		nation_designer_cost_multiplier = 0.8
		supply_limit = 5
		
		terrain_override = { }
	}	
	
	marsh = {
		color = { 13 189 130 }

		type = marsh
		sound_type = forest

		movement_cost = 1.3
		defence = 1
		local_development_cost = 0.25
		nation_designer_cost_multiplier = 0.85
		supply_limit = 5

		terrain_override = { 35 186 187 276 539 882 992 1061 1753 1754 1781 1783 1958 2035 2065 2083 2127 2695 2871 2875 4117 4254 4255 4256 4420 4491 4544 4875 }
	}
	
	desert = {
		color = { 242 242 111 }

		type = desert
		sound_type = desert

		movement_cost = 1.05
		supply_limit = 4
		local_development_cost = 0.50
		nation_designer_cost_multiplier = 0.8
		
		terrain_override = {  }
	}
	
	coastal_desert = {
		color = { 255 211 110 }

		type = desert
		sound_type = desert

		movement_cost = 1.0
		local_development_cost = 0.35
		nation_designer_cost_multiplier = 0.9		
		supply_limit = 4

		terrain_override = { }
	}
	
	coastline = {
		color = { 49 175 191 }

		sound_type = sea

		movement_cost = 1.0
		local_development_cost = 0.15
		nation_designer_cost_multiplier = 0.85		
		supply_limit = 6 
		
		terrain_override = { 11 18 21 24 249 315 370 985 986 988 1812 1813 1979 3503 4113 4114 4151 4152 4362 }
	}	
	
	drylands = {
		color = { 232 172 102 }		

		type = plains
		sound_type = plains

		movement_cost = 1.00
		local_development_cost = 0.05
		nation_designer_cost_multiplier = 0.95
		supply_limit = 7
		allowed_num_of_buildings = 1

		terrain_override = { 703 752 2451 2569 3049 4567 }
	}

	highlands = {
		color = { 176 129 21 }

		type = hills
		sound_type = mountains
		
		supply_limit = 6
		movement_cost = 1.40
		defence = 1
		local_defensiveness = 0.1
		local_development_cost = 0.2
		nation_designer_cost_multiplier = 0.9	

		terrain_override = { 50 62 76 129 130 131 133 135 137 158 161 266 524 531 626 754 755 756 761 762 764 778 780 1007 1038 1094 1097 1100 1101 1111 1112 1138 1140 1148 1161 1164 1179 1184 1205 1693 1766 1769 1771 1792 1794 1826 1848 1925 2255 2257 2258 2270 2271 2272 2280 2281 2283 2287 2291 2440 2498 2523 2524 2865 2878 2880 2884 2912 2919 2955 2998 4024 4025 4026 4027 4028 4029 4030 4032 4036 4039 4041 4043 4092 4093 4096 4103 4126 4236 4239 4240 4708 4717 4725 4744 4755 4781 4782 4856 4864 4865 }
	}

	savannah = {
		color = { 248 199 23  }

		sound_type = plains
		type = plains

		supply_limit = 6
		movement_cost = 1.00
		local_development_cost = 0.15
		nation_designer_cost_multiplier = 0.95	
		
		terrain_override = { }
	}
	
	steppe = {
		color = { 147 200 83  }

		type = plains
		sound_type = plains

		movement_cost = 1.00
		local_development_cost = 0.20
		nation_designer_cost_multiplier = 0.9	
		supply_limit = 6
		
		terrain_override = {  }
	}

	urban = {
		color = { 156 164 157 }

		type = plains
		sound_type = plains

		movement_cost = 1.2
		defence = 1
		local_development_cost = -0.10
		supply_limit = 12
		allowed_num_of_buildings = 1
		
		terrain_override = { 1 5 17 22 23 48 51 55 67 72 80 111 116 117 138 139 140 153 154 157 160 162 183 198 229 253 292 296 299 303 304 328 350 352 368 386 407 408 426 441 466 468 473 489 500 513 547 608 610 611 680 681 683 684 685 689 694 697 700 702 705 706 708 720 721 725 728 736 739 759 773 790 814 820 826 829 837 843 851 855 862 866 870 873 876 877 892 955 978 998 1004 1009 1011 1016 1030 1034 1058 1065 1086 1098 1132 1136 1153 1155 1173 1185 1186 1199 1201 1244 1249 1770 1772 1776 1803 1808 1811 1815 1816 1821 1822 1824 1827 1829 1831 1833 1840 1841 1853 1858 1868 1943 1951 1952 1971 1988 1989 1997 1999 2017 2019 2021 2038 2040 2041 2043 2053 2137 2185 2268 2324 2330 2343 2361 2367 2418 2433 2462 2476 2478 2483 2496 2497 2502 2511 2512 2513 2517 2519 2525 2526 2530 2532 2534 2539 2542 2543 2549 2551 2553 2555 2558 2559 2561 2563 2564 2567 2568 2570 2571 2572 2574 2577 2578 2580 2583 2584 2593 2602 2603 2604 2612 2643 2651 2663 2668 2670 2679 2683 2684 2688 2690 2693 2696 2697 2698 2700 2705 2711 2714 2717 2718 2724 2745 2751 2752 2759 2788 2799 2810 2813 2835 2839 2867 2869 2873 2876 2879 2883 2885 2891 2893 2906 2909 2921 2923 2963 2975 2985 3000 3005 3006 3008 3016 3052 3060 3063 3064 3065 3083 3089 3099 3100 3106 3113 3124 3133 3134 3171 3199 3201 3206 3234 3237 3268 3277 3278 3281 3287 3298 3338 3387 3416 3418 3422 3425 3482 3485 3549 3550 3560 3561 3585 3621 3650 3681 3695 3808 4042 4049 4052 4063 4065 4079 4080 4086 4095 4111 4128 4173 4186 4258 4259 4267 4325 4337 4351 4352 4353 4356 4394 4395 4399 4400 4401 4402 4404 4419 4439 4511 4531 4565 4568 4569 4572 4585 4587 4590 4596 4599 4602 4603 4612 4619 4620 4622 4629 4630 4634 4635 4636 4637 4638 4640 4645 4672 4673 4697 4706 4707 4739 4756 4757 4761 4769 4780 4786 4790 4791 4792 4793 4795 4796 4797 4798 4799 4801 4803 4804 4805 4806 4810 4812 4815 4825 4826 4829 4834 4838 4839 4840 4843 4850 4932 4933 4934 4935 }
	}
	
	high_urban = {
		color = { 55 47 47 }

		type = plains
		sound_type = plains

		movement_cost = 1.2
		defence = 2
		local_development_cost = -0.20
		supply_limit = 16
		allowed_num_of_buildings = 2
		
		terrain_override = { 43 156 257 262 501 1010 1120 1318 1777 1817 1823 2461 2978 2991 3017 3073 3114 3140 3158 3188 3190 3217 3236 3279 3388 3614 3618 3620 4403 4745 4751 4808 4809 4818 4828 }
	}	

	floodplains = {
		color = { 132 212 212  }

		type = plains
		sound_type = plains

		movement_cost = 1.1
		supply_limit = 8
		
		terrain_override = { 120 195 281 301 306 307 397 690 722 771 954 995 1056 1059 1063 1066 1209 1215 1226 1935 2048 2066 2236 2288 2347 2439 2445 2557 2591 2594 2595 2598 2600 2685 2699 2703 2787 2800 2830 2832 2962 3090 3122 3445 3504 3531 3565 4059 4072 4147 4193 4253 4354 4389 4435 4442 4539 4545 4669 4822 }
	}	

	crossing = {
		color = { 144 36 164  }

		type = plains
		sound_type = plains

		movement_cost = 1.5
		defence = 2
		local_development_cost = 0.20
		supply_limit = 4
		
		terrain_override = {  }
	}	
}
	
##################################################################
### Graphical terrain
###		type	=	refers to the terrain defined above, "terrain category"'s 
### 	color 	= 	index in bitmap color table (see terrain.bmp)
###

terrain = {
	grasslands			= { type = grasslands		color = { 	0	 } }
	hills				= { type = hills			color = { 	1	 } }
	desert_mountain		= { type = mountain			color = { 	2	 } }
	desert				= { type = desert			color = { 	3	 } }

	plains				= { type = grasslands		color = { 	4	 } }
	terrain_5			= { type = grasslands		color = { 	5	 } }
	mountain			= { type = mountain			color = { 	6	 } }
	desert_mountain_low	= { type = desert			color = { 	7	 } }

	terrain_8			= { type = hills			color = { 	8	 } }
	marsh				= { type = marsh			color = { 	9	 } }
	terrain_10			= { type = farmlands		color = { 	10	 } }
	terrain_11			= { type = farmlands		color = { 	11	 } }

	forest_12			= { type = forest			color = { 	12	 } }
	forest_13			= { type = forest			color = { 	13	 } }
	forest_14			= { type = forest			color = { 	14	 } }
	ocean				= { type = ocean			color = { 	15	 } }

	snow				= { type = mountain 		color = { 	16	 } } # (SPECIAL CASE) Used to identify permanent snow
	inland_ocean_17 	= { type = inland_ocean		color = {	17	 } }

	coastal_desert_18	= { type = coastal_desert	color = { 	19	 } }
	coastline			= { type = coastline		color = { 	35	 } }
	
	savannah			= { type = savannah 		color = {	20	 } }
	drylands			= { type = drylands			color = {	22	 } }
	highlands			= { type = highlands		color = {	23	 } }
	dry_highlands		= { type = highlands		color = {	24	 } }
	
	woods				= { type = woods			color = { 	255	 } }
	jungle				= { type = jungle			color = { 	254	 } }
	
	terrain_21			= { type = farmlands		color = { 	21	 } }	
}

##################################################################
### Tree terrain
###		terrain	=	refers to the terrain tag defined above
### 	color 	= 	index in bitmap color table (see tree.bmp)
###

tree = {
	forest				= { terrain = forest 			color = { 	3 4 6 7 19 20	} }
	woods				= { terrain = woods 			color = { 	2 5 8 18	} }
	jungle				= { terrain = jungle 			color = { 	13 14 15	} }
	palms				= { terrain = desert 			color = { 	12	} }
	savana				= { terrain = grasslands 		color = { 	27 28 29 30	} }
}